pS
0.11933707642032232
0.15893207455297897
-0.032489235669061145
-0.06506046383577768
-0.3541367013878016
0.3530415914949572
-0.622989652552917
0.11233166898603031
0.03665251763680999
-0.06566325223167269
0.27953432118800947
-0.5543021379451147
0.1400390432076506
-0.41785512090274324
-0.1996995210971022
-0.638889709404225
0.09075826758061112
-0.11612463385131377
0.3239911273793723
0.4335583202453108
0.1183408743913219
0.08196099743611285
0.73840103205373
-0.3362914820443166
1.2319562436955493
0.4702766997992285
0.16241696524082272
-0.17436073817123088
0.10193317372153388
-0.598030386614596
0.19114477421572929
0.37543500403279495
-0.21098686545667533
0.26429278944493717
-0.2675459150951838
-0.1639509409358766
-0.09894687084386078
0.5767153210743459
-0.5906382416447968
0.34977779995614355
-0.056745845277418994
0.38749442201202555
0.048817206071021246
-0.6055931677005901
-0.0026845235044561377
0.42482486185440393
0.08413020094747026
0.2120030186864028
-0.06710043346311068
-0.5167353195583928
-0.4891283624803009
0.2644634023742469
-0.37603251616303623
-0.13406932704907604
0.5876426889316804
-0.15003174429870114
0.104589751473668
-0.28945082706508174
-0.18337420404907334
-0.4580079360545142
-0.10547006473075271
0.04149511392921568
0.09740034914028683
-0.3018309047521939
0.07595115966881849
0.49700808737077296
0.2222468780457234
-0.5069216575639075
0.14867428636227942
-0.4280442036570662
0.30389388135608897
-0.5098862811777849
-0.26511697939673695
0.13226652609472467
0.376980195284375
-0.6836998518210748
0.3671887941234786
-0.08349295803822088
0.022636569421877084
0.570447738327232
0.25869035912097615
0.5267830765063763
0.17647656110517573
-0.09585393968325207
0.6979077311007131
0.4094600814945011
-0.2478063464443494
0.24628449434203503
0.13444286051071686
-0.03495811470412491
0.31446050686298577
-0.2653719455564101
0.3109260271884864
0.17297437405778737
-0.2918489873335943
-0.07500870959785289
-0.3463724824609926
0.6758369604273753
-0.11298489123964828
-0.0013563130814304714
0.3665972627528049
0.2736992642975906
0.46030430970728275
-0.237674899949468
-0.20784225822478675
0.23759933127968225
-0.1334461226411463
-0.4609855220043073
-0.11711115662421889
-0.7808430276842842
-0.26002378808880167
0.3180965981357531
0.06456886892806324
-0.42001374241289113
0.23127754496596253
0.1844817865138566
-0.3944154020697397
-0.7570152195449964
-0.04682255286445525
-0.5730558497722313
-0.17607165783834944
0.22725693546118464
-0.9853768106881944
0.1506151706738592
0.11752451387798146
0.7136232389862016
-0.3300792015991192
-0.39805294869785257
-0.2397832982114778
0.13292863109035125
0.3330897330224616
0.1615961735378164
0.019363926017035737
0.7134809978120416
-0.16898942220285562
0.7138852121448167
-0.22325436985596525
-0.03361377567080126
-0.23081807953150246
-0.328178356537137
0.16654601359579146
-0.6042861752288218
-0.48244868377912553
0.07369903311257531
0.8365705278756081
0.4393197417514898
-0.257834518958191
0.12715243518306352
0.35117872643388637
-0.3336145379876143
0.04034624629787231
0.12113915824119204
-0.13375052085689276
0.31207566606389037
-0.24521013028714833
0.17775742002942252
0.2726461361876318
0.10689612980746688
-0.6552802144711336
0.09674291026527726
0.9923278084485219
-0.22972589777106123
0.4102340509649025
0.5539441029099521
0.13963892442080805
-0.9327388972274662
0.04766233495291772
-0.3771278340534536
-0.12231434901980265
0.11130492949257587
-0.17720377486585903
0.09447138768047125
0.17578855895538936
0.2473416636539696
0.20171330549032973
-0.060575439764193106
0.007031509932630797
0.29540310747790954
0.3246792276081578
0.4435747100970957
-0.5365506769876447
0.36775897853476636
0.11942778608886329
-0.08678752183169536
0.15133249365197798
0.7684223487240729
-1.0267145175247379
0.14756584695089714
0.42295014469857506
-0.18601001378681303
-0.16696989788005112
0.3478412119651466
0.459604907860637
-0.06634923297161777
0.1684707337429927
-0.03479924084456343
0.2018636723374243
0.4399628616011455
-0.6788702943208591
0.8628363730976503
-0.09661592243236328
-0.07822385119987985
0.3303571177207232
0.03329059435804993
-0.54139221420985
0.014783856561621178
0.11853538449702228
0.863351007087374
-0.0678166347359479
-4.1341976213971066e-4
0.5564207454818302
-0.1111830153679989
0.2266530864883407
0.4635011808147169
0.30306279173464645
0.7189536248279751
-0.18011549754453426
0.2898500104472532
-0.022311217702679187
0.2558302836796429
-0.16113404922549535
-0.25824323462592247
0.1485986209644352
0.12341996834015845
-1.0419735579783378
0.4792100511539843
0.5568540950286547
-0.0034750688331541824
0.10496669307366346
-0.1569427596388664
0.4519952227490194
0.008192026077040282
7.543048774891759e-4
-0.05703513202576005
-0.16528497391749397
-0.4254636646189738
-0.5667901423703938
-0.43322933776477157
-0.19705176567282479
0.04464792220636582
-0.022978644676697968
0.05212218265262436
0.3204131164786759
-0.019548824503772266
0.06490791935084417
-0.05971344079529217
0.1900839755293191
0.13099547819768986
-0.10494746805352406
-0.3601567280500717
0.2777053445624915
0.2479386935497132
0.5049282634656151
0.5347550272783792
-0.08099693899976046
0.3709370793187645
0.6252254941131241
0.0871018075891925
0.33778429209883143
0.3181945290954218
-0.19841398634514462
-0.18909377053563503
-0.05331744627369517
-0.3804592121084056
0.044738304429642994
-0.6969218419536674
0.3074401341430075
-0.25891757469196364
-0.08324405285350167
-0.3837207844137538
-0.22859786993086573
0.18157522202477594
0.3637849485091351
-0.09810362274134832
0.23220708994711003
0.22037083674865698
-0.30380482132665065
-0.026286526760941342
-0.46323656138548586
0.4561078521502395
0.3236060906198759
-0.16690625414969418
0.21832650857447788
-0.03939157599285181
0.6040121810116261
0.20277415446741998
0.6807971705985665
0.20103905204314287
0.007877378602586305
-0.448444183488391
-0.23812400875942785
0.03441809545643082
0.09686715796578937
-0.09217872426563645
-0.8029537552395709
0.6222328202193239
0.09619000387851884
-0.9741870197582898
-0.32822236549873196
-0.1645016074120349
-0.23835996789836145
-0.7619366302038202
-0.4714184032051776
0.44285086672579155
0.01532747298256254
-0.24046923297999
0.4229157036283482
0.750268473762219
-0.0919766976890628
-0.18827113098080872
0.2151715305422499
0.09054484594531687
-0.012153353970290937
-0.5685939517492216
0.130649110559375
0.19299966616409847
-0.1253536334694445
0.3208281118614309
-0.3586943726962204
0.3294602831987845
0.06725248935327954
0.0534469879532935
-0.03384254327153258
-0.5228392727882465
0.1824898206079979
0.154606676316007
-0.6082167648765449
-0.0719585049869238
-0.2633208094213728
0.07495557323784396
-0.2035458422985812
0.7416200684445471
-0.12917252018081626
-0.6029660216955222
-0.5816368317221077
-1.2512765937673862
0.6171264213061818
0.15844460878798827
-0.15886656903870744
0.33637464913886106
0.042360603934298524
-0.9037808510011018
0.0806299738652001
-0.004071648516060122
-0.019853954777488525
-0.10312281608713647
0.01737759772231584
0.3975399457975186
-0.3033122196797535
0.05818917810711355
-0.8954453782128553
0.23769869364247143
0.5684993379093157
0.024172965448883588
-0.38213062476762616
-0.4775823910497934
0.03969422267829259
0.3124546768195273
-0.05442444297136717
-0.5041307578128453
-0.27588962747125834
0.4765199979240151
0.21730336293006758
0.6600421005629187
0.5341632193054124
-0.01981371171450519
0.18540074153946762
0.08350743792226467
-0.6248292873149808
-0.03876007877903476
0.05787140494595633
1.1800802655955067
-0.3490910705128272
0.38097540105138705
0.46112707678292963
-0.2760209618732574
0.29073838453518874
0.33639199457354607
-0.27938997147293776
0.13140161316766807
-0.38948621642623493
-0.433668427651412
-0.23468554924403406
0.9826789460751115
0.5216396765557079
-0.016170859561100315
-0.47502423092868185
-0.18686002829383597
0.06109327214170435
0.17363724878379116
0.26921531209586647
0.08852364102159527
0.5501709713843752
0.8252571971230509
0.08123988363820445
-0.58074935197493
-0.2551812455821505
-0.5035347487104218
-0.18154836368069027
-0.3091239318747512
-0.2953009817640577
0.43471270904927906
-0.07897287833242217
-0.6202610994754423
0.6885248095811107
-0.08767802622827503
0.14183063430050424
0.05964699357491554
-0.3774773234640634
-0.18311709376553154
0.3293877801114604
0.12234755529738095
-0.4648422712392062
-0.34963379908003844
0.15540021738559062
-0.7688578110444269
-0.03842723378051005
-0.27331966901795113
0.5475294328657583
0.21990972405114917
-0.3646447812777751
0.12486003132022461
-0.36104258340185424
-0.41938872540305283
0.3266148387098724
0.4256100109072918
-0.4910906030423803
-0.15166176318371072
0.4948565009431718
-0.43249322920365785
0.28016233772513033
0.20422785790412945
-0.5623649719340733
-0.5271302537115048
0.3752091468737717
-0.5122601594602543
0.11900157640343423
-0.21515380728442324
0.1262652447290975
0.5758340343507484
0.3828251880345306
0.6492125931241617
0.07464280032991155
0.5092829227903053
0.6772673953559547
-0.3070899564949059
0.3557197199286861
-0.28571206439607977
-0.2769606350262279
-0.5646712939882832
0.29355221911197305
-0.02486569329056465
0.004248835243572557
0.08237470780221656
-0.3465475701639207
-0.25033791888211
0.5711955845084731
-0.3562333746036188
0.028723817904847238
-0.08121512066304604
0.4715832954239545
-0.19350548040381454
0.124363228446839
-0.02616400702510191
0.07692761642516643
0.4116407183665274
-0.24805623509541874
-0.027639833532589364
-0.04061409725238718
-1.0023334540770747
-0.3385433815427632
0.56478531368424
0.060102155755316744
0.09272648424865793
0.021327353366018542
0.3830486445707493
0.4088755215138349
0.17586676221230846
-0.11869206389138753
-0.14673613317467016
0.05563874549596903
0.14405231077785174
0.164231183880986
0.04732597337329025
0.18073580111536103
-0.3177923218115666
0.6454449085640022
-0.33394644957087394
-0.26060701018718646
-0.0720835486824285
-0.039273794429277586
-0.5738921235479211
0.1179658927002265
0.7158046191426592
0.006134718693090235
-0.5021219287013992
-0.36288322727182276
0.1170159571665863
-0.17281604391348537
-0.2767565139604926
0.32037044424441774
-0.16590367983076248
0.034294034034701326
0.3357677061854929
0.09117428924139404
0.30177022094432004
0.1289416031319206
0.5964883271596477
-0.5083184093421096
-0.15809736837371702
-0.3885254229076054
0.2554239619094574
-1.193835924076268
-0.03482268319538662
0.2544642979137848
-0.08229997364185238
0.021451874829949702
-0.4326184890313698
0.044021144106693555
-0.28228731057328105
-0.29485516946056123
-0.45303573291772636
-0.05921265793784869
0.3919434842299552
0.5259139389768848
-0.8506287486401334
0.02328627175739939
0.11109517428337767
-0.6003001639138006
-0.6390958479374262
-0.17509995545293577
0.3184329878721428
-0.1925363548937753
0.40188871667186277
-0.3935417734471116
-0.23996043475392526
0.31186528948103387
0.2664022638905408
0.37349025208237663
0.330382170518817
-0.6768967379737774
0.38844683807411684
-0.3160115355768198
-0.2636876887946755
0.15264852279256047
0.5585894050807951
-0.1975486029477338
0.1926462617829543
0.46360833833750803
0.541241944940225
0.11061169205379429
0.03307206535879459
-0.36969064025385023
-0.845001282972305
-0.5202952658136724
-0.07642479574445815
0.03933429009464362
-0.13264914217768364
-0.20599944747283416
0.2315255169577881
-0.7369765214182848
-0.47488699922439537
-0.09449827269838806
0.36016063506428964
-0.6614390228955358
0.34911226435798426
0.4642951772586912
-0.0440844824761939
0.4270280348034703
-0.47540626158149735
-0.280726458462766
0.22841820931438406
0.07315681697275522
-0.1900399891746929
-0.15021305752492253
-0.2967172468613626
0.1684082038640895
0.6058914008375496
0.146739461478262
0.014239390391253437
-0.07703076345012505
0.3786813807910221
-0.15012442872631482
-0.1555470590289474
-0.18537869633263426
-0.31509392119511404
-0.13985865877111792
-0.12269072673609571
0.5727637601486322
-0.13182635711598323
-0.15715852601948654
0.6530863171407759
-0.23342167535821545
-0.2947577391343543
0.2452853739551415
0.5835233536576538
0.3321654377418781
-0.8409384031754144
0.6990655872133402
0.35511436323173484
-0.4525415463597824
-0.71423039697072
-0.3007383536423731
0.08676408679826864
-0.16315130272454326
-0.03702549998240556
-0.5818949447503314
-0.2374120276287499
0.7057984623633047
-0.17019131177443114
0.3652361984032382
-0.21393794373045694
0.3056166066422179
-0.5420127868694067
-0.47567051445508923
-0.19299102157071957
-0.536817432493649
-0.2731843162185328
-0.3660764413143056
-0.03788736918875202
-0.16964866959403935
-0.5812758269724441
-0.9650952308903697
-0.30745029957370207
0.3611879772809061
-0.14229746611937344
-0.3496626660691504
0.23471860733025096
0.6571038699428868
-0.4963250775863344
0.2128917901285945
0.2155349126414876
-0.37101523381346624
0.20737832823937197
-0.29328173395055046
0.24265340466547514
0.11123300176672046
0.02550157269712372
0.16124272564627518
-0.10524581695727875
0.09695057337751223
0.28984504923300847
-0.362767696896924
0.48210561485291237
0.04301806131240937
-0.1673494427286073
-0.036823416015863586
-0.13849817869896697
-0.22297729895797147
-0.8730955275401584
0.28675360579296694
-0.9254624878261097
-0.9538055863826571
0.06818017471516669
0.4841548984937276
0.19912044592780376
0.22356130511610672
-0.27703828020077026
-0.38806002368085046
-0.06938168481144658
-0.23540591705528868
0.1355141768341923
-0.04149249464626337
-0.11627328231202227
0.6094761719724602
0.5251981645523642
-0.3129458461867216
-0.5195217223370037
0.3319184089464784
-0.0860623163455898
0.05448119298074516
-0.6704353872509046
0.6265397249750322
0.1490947492575856
-0.43174767262075875
-0.7729475887054491
0.5099478417133696
0.36775625879488416
0.4355510164933776
0.17296988057063345
0.5657049635919407
0.11523429601379576
0.47330262397588285
0.4188082610565971
-0.723298151972017
0.6078884194788543
-0.7197118371230431
-0.4994896612790285
-0.6413339448351962
0.8278205060340156
0.19899021682829243
0.29374082371390386
0.5446578237555286
-0.11173003557394168
0.023021796302373332
0.30644109009386966
0.33128762776004805
-0.019612487019912805
-0.5577017919504783
-0.16926430828590355
0.04650176019652008
0.5674352981173456
0.061672537106915115
-0.4729118738509328
0.0757537554458736
0.15257592245899332
-0.17461695650803222
-0.4049183049623366
-0.37356765903444966
0.264776037412787
-0.18404533646986465
0.013999175177445977
0.33748623640576625
0.18126204389591294
-0.40314558967332914
0.6987739753739675
0.0983499908489307
0.02984428125910199
-0.15606118947664527
1.0177430195449801
0.44725826924042167
0.4558144933953372
-0.17836681216863326
0.30236114109123946
0.009076220154838666
0.12859334766551456
0.34430883872408913
-0.6139755729941498
-0.40207977543110474
-0.45721149343478373
-0.1205214831859962
0.33914993678240535
-0.7509772071836665
0.274366387359521
0.5456671755368347
-0.6343416192243012
0.15247513193105533
-0.21823088712892513
-0.14221765693901034
-0.01507346934835141
0.2265403550559313
0.26850905868207064
-0.14137352544707937
-0.5531155923907249
0.08419968233448571
-0.19777514462685986
-0.025101004956979978
-0.8931320331509482
-0.11976421178906094
-0.16210914444314994
-0.20709737796823902
-0.43634641046867273
0.19954212781669867
-0.12882142724737378
-0.2985118842689758
-0.678207583378196
0.1337904131857499
-0.23739661711499593
-0.40225629827131115
0.43037892005406775
-0.5927515828911964
0.4677278185866385
-0.489671047623915
0.14199265808554173
-0.12293854158116346
0.3429829178184036
-0.39218353626955604
0.2837845526259457
0.6267886097730297
0.5284859690740973
0.16190436590466106
0.36965871758332014
0.22847709058362398
0.060732595515560206
0.006951562646463572
0.07191720130862223
-0.27059536757855085
-0.5249625866213705
-0.16151484171081165
0.6123794210863593
-0.3656197146739828
0.712116239802981
-0.27307479149834535
0.5355815740951471
-0.09928543664017297
0.026263856681453035
0.5365573740605214
-0.2111882851963287
0.2233997903433078
0.5084591890606589
0.2044595176815278
-0.1630822913447787
-0.22657567984560956
0.012594427346130033
-0.1128359921941069
0.40569028175184485
0.554064518822031
-0.6349714989078166
-0.45572538160297427
-0.4091879376491647
-0.09103799504362087
-0.3345586250585484
-0.05368685473604273
-0.6820680042053482
0.2714907608248609
-0.30577743937118385
-0.015659653328896184
0.7628001536825764
0.24464593153584246
-0.07691549923396224
0.5691730023144146
-0.6028546481077797
0.22916632413597426
0.4454045773738926
-0.1769423228589062
0.4483712660239121
0.6009082035056394
0.2935046614302905
-0.1856500313054994
0.052446966147385865
-0.036897697102972415
0.5035050898934514
-0.47145622842413104
-0.3985847252611734
-0.3128533097474815
-0.103008822355946
0.5142765691867339
0.5078584046651713
0.5036129075001554
-0.4354928620082319
-0.3557241730421197
-0.2985440135076374
0.17682475412499343
-0.5288084417795176
0.17185800917968663
-0.27817363599336886
-0.16370015124897463
-0.6041274019557363
-0.1146958922706176
-0.15141009367573588
0.11467633459875515
0.37329444830317016
-0.6473369939806162
-0.03180815773470158
-0.11759171364218446
-0.13248466920049395
-0.2353279911859545
-0.09189678064495865
-0.004431520766843278
0.5911606745780205
0.19136407827272706
0.4469279451147372
-0.1818160214619411
0.30781734991506937
0.005531690652958332
-0.24579456608438477
-0.3717926986328166
0.26764651773351034
-0.0957818766279388
0.01854340208251415
-0.05318294848376581
-0.14205109155579976
-0.2821377288793201
0.45395077464070255
-0.8916527475246312
0.5312814001061952
0.24521668253589723
0.14972094856227613
-0.46341290254935075
-0.014333807320383585
-0.3295688274477584
-0.3110907443084443
0.16435802522767062
-0.2676875217278507
-0.2643517007692253
0.553561236291273
-0.3751667103258569
0.061935485750097996
-0.0038540037588177256
-0.09549368593440022
0.6266526713614553
0.3818540520983902
-0.3158625768769525
0.2951917812228544
0.5917093430103932
0.04337779086296223
-0.3036257137663938
0.5763009025499741
-0.22802172568356127
0.06127231382657783
0.627611024898215
-0.41297578891055764
-0.10360076811105046
0.283533059993772
0.1360174014596396
0.13413867419643566
0.5527540571021632
0.002729500040175026
0.1980539045418368
0.1267526261355556
0.41197684544965796
-0.18911212467475025
0.06828620466285429
-0.12761209733304213
0.11350259254021466
0.46791220841726044
-0.05466307857057018
0.4489542838139755
-0.08155295549391894
-0.3397760063914461
-0.30908445142017626
-0.4457763187109549
-0.1908170124693811
-0.1939909030710396
-0.4382213770396106
0.4315788491413173
0.33746548962159295
-0.8448445274793812
0.22385355736929569
-0.03496596676416175
0.04895993462412207
0.6661939331614235
-0.05025996266454058
-0.0797630069911861
0.036786193482839735
0.15936329964080187
0.5994463192377566
0.10874513536441555
-0.06207846069645484
-0.08962897179696938
0.15857232807314858
-0.17175757525052404
0.1782034633464491
-0.3964880982461523
0.037733531162473355
-0.28706015964792186
0.33090415828201003
0.33712273606033705
-0.31106415385750097
-0.10704090584619053
0.2902661970611575
0.31912516830226423
-0.1345932821997735
-0.41120338423013436
-1.0003087468676881
-0.1129407070105799
-0.13785331187744987
0.5162842426484531
0.5810330868687288
0.25066473992342253
0.08602392697616779
-0.3232678587593796
-0.3028705215220384
0.4436753380555274
-0.21215212805748251
0.35629351799735787
-0.11473113960335013
-0.49165929647597295
-0.1253394624582711
-0.014505100363237489
0.35762649018721504
0.4109307745547994
-0.2601448851561372
-0.08964623763790769
-0.3535072245016977
0.2445626945070103
-0.24037808577219266
-0.07658921295717391
-0.06793211304307079
-0.4113469241809753
0.078850864192475
-0.08681513293839771
-0.5777539842547981
0.7092962334964454
-0.1667704926421152
0.33001753165706305
-0.37967235889931317
0.2414017636208996
0.21516256383529253
0.11058578577200251
-0.448617200301328
0.1349209514364702
-0.1375057484909803
-0.05612812462987904
0.5263724051984582
-0.4960355528588707
0.07685290134133993
-0.22525324748329467
0.3152227163439534
0.14705752874709788
-0.2928964995643355
0.5498713821912133
0.003542971010688234
-0.20095214703371767
0.7099189549422817
-0.855967786458848
0.07581507549224398
0.2361554879379355
0.10991571214987061
0.696869300028311
-0.728254436725706
0.3092269924035804
0.08889226217019086
-0.23505296908444961
-0.5742728998166626
-0.37562156262026747
-0.814925490462258
0.5511622748165905
0.47565995235436276
0.18848005231228626
-0.7756822720725154
-0.33039513858949476
-0.06808818362327429
-0.45979974754368413
-0.10558103863701263
-0.03546394600050462
0.012914742535144796
0.334195478769459
0.7665697491236756
0.16895791265329763
-0.3556843390102813
-0.506419294581633
0.05171257326679779
-0.34243490456003656
0.04666232026164607
0.15040864210027394
-0.31846506129431873
-0.35952270949297827
0.35355381891184834
0.16596244011384442
-0.3645850165190154
-0.4147438844403837
-0.07052341122545158
0.04341115785365446
0.044484540250834925
0.35503331436285634
0.6325168500542873
-0.13568879347013763
-0.725977139910924
-0.2586903946677239
0.4902080284915087
0.6602423640031816
-0.0016459400849271333
0.18749442396693894
0.3167585437931848
-0.4797405030339519
-0.2099502335547072
-0.1977442067022821
-0.6149371470215215
-0.19931088029312605
-0.5628226633929216
0.5660854712755281
-0.0903923272609859
-0.208953596033723
0.03995359645176677
-0.07869668074954461
0.14310128174258807
-0.09023581887402088
0.08560022831949254
0.352853106567693
-0.5303063344161387
0.07262611037492661
0.24593925899574742
0.19980775292589215
0.7818479741742408
-0.42682157280461297
-0.3109109088401283
0.5412481110058138
-0.25225108664295703
0.4480367216419836
0.22630758917154026
-0.005596589413585207
-0.25971398219951425
0.424600751794344
0.3432059776564529
-0.17002863709200255
-0.049267569996288785
-0.41637880927089554
0.14451743608054812
0.3135925203985721
-0.11151252124841449
-0.16218514159032793
-0.312288139404302
0.14649454809853069
-0.32230285191616304
0.3748345797810657
0.007413472066843951
0.1282390667342952
0.45921066794517174
0.7436519785759401
0.11164302485877897
0.4519064576151095
0.4327634833178422
-0.01880280278282953
0.8855676644394066
-0.0308750437406502
-0.5330332837598917
-0.3387280816014595
-0.20969079651416678
1.290314470399096
0.8485461649790977
-0.25179535563864874
0.01590361934631801
-0.27576544462817765
0.04164775537446985
-0.02243217293937505
0.004147964691242123
-0.11596984653903064
0.6377094605178399
0.04607496834466929
-0.2549661467107853
-0.15237899075577843
0.4187247561053482
0.06186270871563693
-0.43825955249451454
-0.652979961584947
0.12722284476603818
-0.004444203405171265
-0.4469320908057739
0.15723807494282482
0.7690077170879022
0.3969794581459496
0.31212710428440005
-0.07070997653858058
-0.25506789803597485
-0.2848312437774325
0.2896613590219772
-0.17259628517473402
1.0710472479654527
0.17186034233924374
0.06988261918206717
0.6546688970682908
0.19457642309674839
-0.07420773912434697
-0.15924740886015343
0.29177994241280203
-0.4438725656024758
0.3963598422135419
-0.09733744999374494
0.20462171504192384
0.4773508983962529
0.02118287995551782
0.4564389472645871
0.015966252426892424
-0.13034481814287346
-0.5248173440943447
-0.3070029385460771
0.3770711222517775
-0.8507674408893422
-0.028251741241604122
-1.545398386610941e-4
0.5019106359080752
-0.6917879364937107
-0.09346013761171434
-0.42322740408815207
-0.09279509244964856
1.2312344370002393e-4
-0.3500221094170115
-0.14457913689972202
-0.05403022131110902
0.009745458152735864
0.6890140203535111
-0.8127146487827872
-0.3825677808169985
0.20524535297340663
-0.17991835812694035
0.28866820306171803
0.36749124868197214
0.23771182447353567
-0.9605011791193192
0.15905708990339917
-0.001651314618015931
0.2593490548854902
-0.14494503160096883
0.30090737237065923
0.4846994393387263
-0.04864131537959793
0.7047315210815555
-0.9353647636599476
0.3393203798666491
-0.2178387047731576
-0.15301153809576817
0.6914834548643398
-0.7309049331813071
-0.8177579399505817
-0.010177474688020993
0.09592512375434126
-0.146725560678874
0.1789016419751306
-0.674735217026921
-0.29992797056195286
0.2602549049732943
0.08008197584820209
-0.44735292934905146
0.6400233514693241
0.8316651567481017
0.1615268135898873
0.00794589349254693
-0.28671467150741137
7.764319014995635e-4
-0.1651953410914757
0.2307584497073094
-0.04719543862483988
-0.16440610218040774
-0.3360281960254383
-0.26503679464798324
-0.14267206293641266
-1.0679997153377485
-0.19870870001159346
0.09201042423694616
-0.37230451740691706
-0.21185601345530358
0.2358160408907679
0.44969315506904195
0.277365874120278
-0.13603795901070725
0.40498736237674393
-0.4099205321336967
-0.9660940606499366
0.6250451968585935
0.12678665505001163
-0.2959244147530171
