i	S	V
483	1.3050000000000001e-8	1
723	1.9050000000000002e-8	1
963	2.505e-8	1
1043	2.705e-8	1
1203	3.1050000000000003e-8	1
1443	3.7050000000000004e-8	1
1603	4.105e-8	1
1683	4.305e-8	1
1843	4.705e-8	1
2003	5.1050000000000004e-8	1
2083	5.305e-8	1
2203	5.605e-8	1
2443	6.205e-8	1
2643	6.705000000000001e-8	1
2883	7.305000000000001e-8	1
3003	7.605000000000001e-8	1
3123	7.905e-8	1
3243	8.205e-8	1
3363	8.505e-8	1
3443	8.705e-8	1
3563	9.005e-8	1
3763	9.505000000000001e-8	1
3963	1.0005e-7	1
4083	1.0305e-7	1
4203	1.0605e-7	1
4283	1.0805e-7	1
4443	1.1205e-7	1
4643	1.1705e-7	1
4803	1.2105000000000002e-7	1
4883	1.2305e-7	1
4963	1.2505e-7	1
5043	1.2705000000000002e-7	1
5563	1.4005000000000001e-7	1
5803	1.4605000000000001e-7	1
6043	1.5205000000000001e-7	1
6123	1.5405e-7	1
6283	1.5805000000000002e-7	1
6523	1.6405000000000002e-7	1
6683	1.6805e-7	1
6763	1.7005000000000002e-7	1
6923	1.7405e-7	1
7083	1.7805e-7	1
7163	1.8005e-7	1
7283	1.8305000000000001e-7	1
7523	1.8905000000000002e-7	1
7723	1.9405e-7	1
7963	2.0005e-7	1
8083	2.0305e-7	1
8203	2.0605e-7	1
8323	2.0905e-7	1
8443	2.1205e-7	1
8523	2.1405000000000001e-7	1
8643	2.1705e-7	1
8843	2.2205e-7	1
9043	2.2705e-7	1
9163	2.3005e-7	1
9283	2.3305e-7	1
9363	2.3505e-7	1
9523	2.3905e-7	1
9723	2.4405e-7	1
9883	2.4805e-7	1
9963	2.5005e-7	1
10043	2.5205e-7	1
10123	2.5405000000000003e-7	1
10643	2.6705e-7	1
10883	2.7305e-7	1
11123	2.7905e-7	1
11203	2.8105e-7	1
11363	2.8505000000000003e-7	1
11603	2.9105e-7	1
11763	2.9505e-7	1
11843	2.9705000000000003e-7	1
12003	3.0105e-7	1
12163	3.0505e-7	1
12243	3.0705e-7	1
12363	3.1005e-7	1
12603	3.1605000000000003e-7	1
12803	3.2105000000000003e-7	1
13043	3.2705e-7	1
13163	3.3005e-7	1
13283	3.3305000000000003e-7	1
13403	3.3605e-7	1
13523	3.3905e-7	1
13603	3.4105e-7	1
13723	3.4405e-7	1
13923	3.4905e-7	1
14123	3.5405e-7	1
14243	3.5705000000000004e-7	1
14363	3.6005e-7	1
14443	3.6205e-7	1
14603	3.6605e-7	1
14803	3.7105000000000003e-7	1
14963	3.7505e-7	1
15043	3.7705e-7	1
15123	3.7905e-7	1
15203	3.8105e-7	1
15723	3.9405e-7	1
15963	4.0005000000000004e-7	1
16483	4.1305e-7	1
16723	4.1905000000000004e-7	1
16963	4.2505e-7	1
17043	4.2705e-7	1
17203	4.3105000000000004e-7	1
17443	4.3705e-7	1
17603	4.4105e-7	1
17683	4.4305000000000004e-7	1
17843	4.4705e-7	1
18003	4.5105e-7	1
18083	4.5305e-7	1
18203	4.5605e-7	1
18443	4.6205000000000004e-7	1
18643	4.6705000000000004e-7	1
18883	4.7305e-7	1
19003	4.7605000000000003e-7	1
19123	4.7905e-7	1
19243	4.8205e-7	1
19363	4.8505e-7	1
19443	4.870500000000001e-7	1
19563	4.9005e-7	1
19763	4.9505e-7	1
19963	5.0005e-7	1
20083	5.0305e-7	1
20203	5.0605e-7	1
20283	5.0805e-7	1
20443	5.1205e-7	1
20643	5.1705e-7	1
20803	5.2105e-7	1
20883	5.2305e-7	1
20963	5.250500000000001e-7	1
21043	5.2705e-7	1
21563	5.4005e-7	1
21803	5.4605e-7	1
22043	5.5205e-7	1
22123	5.5405e-7	1
22283	5.5805e-7	1
22523	5.6405e-7	1
22683	5.6805e-7	1
22763	5.7005e-7	1
22923	5.7405e-7	1
23083	5.7805e-7	1
23163	5.800500000000001e-7	1
23283	5.8305e-7	1
23523	5.8905e-7	1
23723	5.940500000000001e-7	1
23963	6.0005e-7	1
24083	6.0305e-7	1
24203	6.0605e-7	1
24323	6.0905e-7	1
24443	6.1205e-7	1
24523	6.1405e-7	1
24643	6.1705e-7	1
24843	6.2205e-7	1
25043	6.2705e-7	1
25163	6.3005e-7	1
25283	6.3305e-7	1
25363	6.350500000000001e-7	1
25523	6.3905e-7	1
25723	6.4405e-7	1
25883	6.4805e-7	1
25963	6.5005e-7	1
26043	6.520500000000001e-7	1
26123	6.5405e-7	1
26643	6.6705e-7	1
26883	6.730500000000001e-7	1
27123	6.7905e-7	1
27203	6.8105e-7	1
27363	6.8505e-7	1
27603	6.9105e-7	1
27763	6.9505e-7	1
27843	6.970500000000001e-7	1
28003	7.0105e-7	1
28163	7.0505e-7	1
28243	7.070500000000001e-7	1
28363	7.1005e-7	1
28603	7.1605e-7	1
28803	7.210500000000001e-7	1
29043	7.2705e-7	1
29163	7.3005e-7	1
29283	7.3305e-7	1
29403	7.3605e-7	1
29523	7.3905e-7	1
29603	7.4105e-7	1
29723	7.4405e-7	1
29923	7.490500000000001e-7	1
30123	7.5405e-7	1
30243	7.5705e-7	1
30363	7.6005e-7	1
30443	7.620500000000001e-7	1
30603	7.660500000000001e-7	1
30803	7.7105e-7	1
30963	7.7505e-7	1
31043	7.7705e-7	1
31123	7.7905e-7	1
31203	7.8105e-7	1
31723	7.9405e-7	1
31963	8.000500000000001e-7	1
32483	8.1305e-7	1
32723	8.1905e-7	1
32963	8.2505e-7	1
33043	8.2705e-7	1
33203	8.310500000000001e-7	1
33443	8.3705e-7	1
33603	8.410500000000001e-7	1
33683	8.4305e-7	1
33843	8.4705e-7	1
34003	8.5105e-7	1
34083	8.5305e-7	1
34203	8.5605e-7	1
34443	8.620500000000001e-7	1
34643	8.6705e-7	1
34883	8.7305e-7	1
35003	8.760500000000001e-7	1
35123	8.790500000000001e-7	1
35243	8.8205e-7	1
35363	8.8505e-7	1
35443	8.8705e-7	1
35563	8.900500000000001e-7	1
35763	8.9505e-7	1
35963	9.000500000000001e-7	1
36083	9.030500000000001e-7	1
36203	9.0605e-7	1
36283	9.0805e-7	1
36443	9.1205e-7	1
36643	9.170500000000001e-7	1
36803	9.210500000000001e-7	1
36883	9.2305e-7	1
36963	9.2505e-7	1
37043	9.270500000000001e-7	1
37563	9.4005e-7	1
37803	9.4605e-7	1
38043	9.520500000000001e-7	1
38123	9.5405e-7	1
38283	9.5805e-7	1
38523	9.640500000000001e-7	1
38683	9.6805e-7	1
38763	9.700500000000001e-7	1
38923	9.7405e-7	1
39083	9.7805000000000011e-07	1
39163	9.8005e-7	1
39283	9.8305e-7	1
39523	9.8905e-7	1
39723	9.9405e-7	1
39963	1.00005e-6	1
40083	1.00305e-6	1
40203	1.00605e-6	1
40323	1.00905e-6	1
40443	1.0120500000000001e-6	1
40523	1.01405e-6	1
40643	1.01705e-6	1
40843	1.02205e-6	1
41043	1.02705e-6	1
41163	1.03005e-6	1
41283	1.03305e-6	1
41363	1.03505e-6	1
41523	1.03905e-6	1
41723	1.04405e-6	1
41883	1.04805e-6	1
41963	1.05005e-6	1
42043	1.05205e-6	1
42123	1.05405e-6	1
42643	1.06705e-6	1
42883	1.07305e-6	1
43123	1.07905e-6	1
43203	1.08105e-6	1
43363	1.08505e-6	1
43603	1.0910500000000001e-6	1
43763	1.09505e-6	1
43843	1.09705e-6	1
44003	1.10105e-6	1
44163	1.1050500000000001e-6	1
44243	1.10705e-6	1
44363	1.11005e-6	1
44603	1.11605e-6	1
44803	1.12105e-6	1
45043	1.12705e-6	1
45163	1.13005e-6	1
45283	1.13305e-6	1
45403	1.1360500000000001e-6	1
45523	1.1390500000000001e-6	1
45603	1.14105e-6	1
45723	1.14405e-6	1
45923	1.14905e-6	1
46123	1.15405e-6	1
46243	1.15705e-6	1
46363	1.16005e-6	1
46443	1.16205e-6	1
46603	1.16605e-6	1
46803	1.17105e-6	1
46963	1.17505e-6	1
47043	1.17705e-6	1
47123	1.17905e-6	1
47203	1.1810500000000001e-6	1
47723	1.19405e-6	1
47963	1.20005e-6	1
48483	1.21305e-6	1
48723	1.21905e-6	1
48963	1.22505e-6	1
49043	1.22705e-6	1
49203	1.23105e-6	1
49443	1.23705e-6	1
49603	1.24105e-6	1
49683	1.2430500000000001e-6	1
49843	1.24705e-6	1
50003	1.25105e-6	1
50083	1.25305e-6	1
50203	1.25605e-6	1
50443	1.26205e-6	1
50643	1.26705e-6	1
50883	1.27305e-6	1
51003	1.27605e-6	1
51123	1.27905e-6	1
51243	1.28205e-6	1
51363	1.28505e-6	1
51443	1.28705e-6	1
51563	1.29005e-6	1
51763	1.29505e-6	1
51963	1.30005e-6	1
52083	1.30305e-6	1
52203	1.30605e-6	1
52283	1.3080500000000001e-6	1
52443	1.31205e-6	1
52643	1.31705e-6	1
52803	1.32105e-6	1
52883	1.32305e-6	1
52963	1.3250500000000001e-6	1
53043	1.32705e-6	1
53563	1.34005e-6	1
53803	1.34605e-6	1
54043	1.35205e-6	1
54123	1.35405e-6	1
54283	1.35805e-6	1
54523	1.36405e-6	1
54683	1.36805e-6	1
54763	1.3700500000000001e-6	1
54923	1.37405e-6	1
55083	1.37805e-6	1
55163	1.38005e-6	1
55283	1.38305e-6	1
55523	1.38905e-6	1
55723	1.39405e-6	1
55963	1.40005e-6	1
56083	1.40305e-6	1
56203	1.40605e-6	1
56323	1.40905e-6	1
56443	1.41205e-6	1
56523	1.41405e-6	1
56643	1.41705e-6	1
56843	1.42205e-6	1
57043	1.42705e-6	1
57163	1.43005e-6	1
57283	1.43305e-6	1
57363	1.4350500000000001e-6	1
57523	1.43905e-6	1
57723	1.44405e-6	1
57883	1.44805e-6	1
57963	1.45005e-6	1
58043	1.4520500000000001e-6	1
58123	1.45405e-6	1
58643	1.46705e-6	1
58883	1.47305e-6	1
59123	1.47905e-6	1
59203	1.48105e-6	1
59363	1.48505e-6	1
59603	1.4910500000000001e-6	1
59763	1.49505e-6	1
59843	1.4970500000000001e-6	1
60003	1.50105e-6	1
60163	1.50505e-6	1
60243	1.50705e-6	1
60363	1.51005e-6	1
60603	1.51605e-6	1
60803	1.52105e-6	1
61043	1.52705e-6	1
61163	1.53005e-6	1
61283	1.53305e-6	1
61403	1.53605e-6	1
61523	1.5390500000000001e-6	1
61603	1.54105e-6	1
61723	1.54405e-6	1
61923	1.54905e-6	1
62123	1.55405e-6	1
62243	1.55705e-6	1
62363	1.56005e-6	1
62443	1.5620500000000001e-6	1
62603	1.56605e-6	1
62803	1.57105e-6	1
62963	1.57505e-6	1
63043	1.57705e-6	1
63123	1.5790500000000002e-6	1
63203	1.58105e-6	1
63723	1.59405e-6	1
63963	1.60005e-6	1
64483	1.61305e-6	1
64723	1.61905e-6	1
64963	1.62505e-6	1
65043	1.6270500000000002e-6	1
65203	1.63105e-6	1
65443	1.63705e-6	1
65603	1.6410500000000002e-6	1
65683	1.64305e-6	1
65843	1.64705e-6	1
66003	1.65105e-6	1
66083	1.65305e-6	1
66203	1.65605e-6	1
66443	1.66205e-6	1
66643	1.66705e-6	1
66883	1.67305e-6	1
67003	1.67605e-6	1
67123	1.67905e-6	1
67243	1.68205e-6	1
67363	1.68505e-6	1
67443	1.68705e-6	1
67563	1.69005e-6	1
67763	1.69505e-6	1
67963	1.7000500000000001e-6	1
68083	1.7030500000000002e-6	1
68203	1.7060500000000002e-6	1
68283	1.70805e-6	1
68443	1.71205e-6	1
68643	1.7170500000000001e-6	1
68803	1.72105e-6	1
68883	1.72305e-6	1
68963	1.7250500000000001e-6	1
69043	1.72705e-6	1
69563	1.74005e-6	1
69803	1.74605e-6	1
70043	1.75205e-6	1
70123	1.75405e-6	1
70283	1.75805e-6	1
70523	1.76405e-6	1
70683	1.7680500000000002e-6	1
70763	1.77005e-6	1
70923	1.77405e-6	1
71083	1.77805e-6	1
71163	1.78005e-6	1
71283	1.78305e-6	1
71523	1.78905e-6	1
71723	1.79405e-6	1
71963	1.80005e-6	1
72083	1.80305e-6	1
72203	1.80605e-6	1
72323	1.80905e-6	1
72443	1.81205e-6	1
72523	1.81405e-6	1
72643	1.81705e-6	1
72843	1.82205e-6	1
73043	1.8270500000000002e-6	1
73163	1.8300500000000002e-6	1
73283	1.83305e-6	1
73363	1.8350500000000001e-6	1
73523	1.83905e-6	1
73723	1.8440500000000002e-6	1
73883	1.84805e-6	1
73963	1.85005e-6	1
74043	1.8520500000000001e-6	1
74123	1.85405e-6	1
74643	1.86705e-6	1
74883	1.87305e-6	1
75123	1.87905e-6	1
75203	1.88105e-6	1
75363	1.88505e-6	1
75603	1.89105e-6	1
75763	1.89505e-6	1
75843	1.8970500000000001e-6	1
76003	1.90105e-6	1
76163	1.90505e-6	1
76243	1.90705e-6	1
76363	1.91005e-6	1
76603	1.91605e-6	1
76803	1.92105e-6	1
77043	1.92705e-6	1
77163	1.9300500000000003e-6	1
77283	1.93305e-6	1
77403	1.93605e-6	1
77523	1.93905e-6	1
77603	1.9410500000000002e-6	1
77723	1.94405e-6	1
77923	1.94905e-6	1
78123	1.95405e-6	1
78243	1.95705e-6	1
78363	1.96005e-6	1
78443	1.96205e-6	1
78603	1.96605e-6	1
78803	1.97105e-6	1
78963	1.9750500000000003e-6	1
79043	1.97705e-6	1
79123	1.97905e-6	1
79203	1.98105e-6	1
79723	1.99405e-6	1
79963	2.00005e-6	1
80483	2.01305e-6	1
80723	2.01905e-6	1
80963	2.02505e-6	1
81043	2.02705e-6	1
81203	2.0310500000000002e-6	1
81443	2.0370500000000003e-6	1
81603	2.04105e-6	1
81683	2.0430500000000003e-6	1
81843	2.04705e-6	1
82003	2.05105e-6	1
82083	2.05305e-6	1
82203	2.05605e-6	1
82443	2.06205e-6	1
82643	2.06705e-6	1
82883	2.07305e-6	1
83003	2.0760500000000002e-6	1
83123	2.07905e-6	1
83243	2.0820500000000003e-6	1
83363	2.08505e-6	1
83443	2.08705e-6	1
83563	2.09005e-6	1
83763	2.09505e-6	1
83963	2.10005e-6	1
84083	2.10305e-6	1
84203	2.10605e-6	1
84283	2.10805e-6	1
84443	2.11205e-6	1
84643	2.11705e-6	1
84803	2.1210500000000002e-6	1
84883	2.12305e-6	1
84963	2.12505e-6	1
85043	2.1270500000000002e-6	1
85563	2.14005e-6	1
85803	2.14605e-6	1
86043	2.15205e-6	1
86123	2.15405e-6	1
86283	2.15805e-6	1
86523	2.16405e-6	1
86683	2.16805e-6	1
86763	2.17005e-6	1
86923	2.17405e-6	1
87083	2.1780500000000003e-6	1
87163	2.18005e-6	1
87283	2.1830500000000002e-6	1
87523	2.1890500000000002e-6	1
87723	2.19405e-6	1
87963	2.2000500000000002e-6	1
88083	2.20305e-6	1
88203	2.2060500000000002e-6	1
88323	2.20905e-6	1
88443	2.2120500000000003e-6	1
88523	2.21405e-6	1
88643	2.2170500000000002e-6	1
88843	2.22205e-6	1
89043	2.22705e-6	1
89163	2.23005e-6	1
89283	2.23305e-6	1
89363	2.23505e-6	1
89523	2.23905e-6	1
89723	2.24405e-6	1
89883	2.24805e-6	1
89963	2.25005e-6	1
90043	2.25205e-6	1
90123	2.25405e-6	1
90643	2.26705e-6	1
90883	2.27305e-6	1
91123	2.2790500000000002e-6	1
91203	2.28105e-6	1
91363	2.2850500000000003e-6	1
91603	2.2910500000000003e-6	1
91763	2.29505e-6	1
91843	2.29705e-6	1
92003	2.30105e-6	1
92163	2.30505e-6	1
92243	2.3070500000000002e-6	1
92363	2.31005e-6	1
92603	2.31605e-6	1
92803	2.32105e-6	1
93043	2.32705e-6	1
93163	2.3300500000000002e-6	1
93283	2.33305e-6	1
93403	2.3360500000000003e-6	1
93523	2.33905e-6	1
93603	2.3410500000000002e-6	1
93723	2.34405e-6	1
93923	2.34905e-6	1
94123	2.35405e-6	1
94243	2.35705e-6	1
94363	2.36005e-6	1
94443	2.36205e-6	1
94603	2.36605e-6	1
94803	2.37105e-6	1
94963	2.3750500000000002e-6	1
95043	2.37705e-6	1
95123	2.37905e-6	1
95203	2.3810500000000003e-6	1
95723	2.39405e-6	1
95963	2.40005e-6	1
96483	2.41305e-6	1
96723	2.41905e-6	1
96963	2.42505e-6	1
97043	2.42705e-6	1
97203	2.4310500000000002e-6	1
97443	2.4370500000000002e-6	1
97603	2.44105e-6	1
97683	2.4430500000000003e-6	1
97843	2.44705e-6	1
98003	2.45105e-6	1
98083	2.45305e-6	1
98203	2.45605e-6	1
98443	2.46205e-6	1
98643	2.46705e-6	1
98883	2.47305e-6	1
99003	2.47605e-6	1
99123	2.47905e-6	1
99243	2.4820500000000002e-6	1
99363	2.48505e-6	1
99443	2.48705e-6	1
99563	2.49005e-6	1
99763	2.49505e-6	1
99963	2.50005e-6	1
100083	2.50305e-6	1
100203	2.50605e-6	1
100283	2.50805e-6	1
100443	2.51205e-6	1
100643	2.51705e-6	1
100803	2.52105e-6	1
100883	2.52305e-6	1
100963	2.52505e-6	1
101043	2.5270500000000002e-6	1
101563	2.54005e-6	1
101803	2.54605e-6	1
102043	2.55205e-6	1
102123	2.55405e-6	1
102283	2.55805e-6	1
102523	2.56405e-6	1
102683	2.56805e-6	1
102763	2.57005e-6	1
102923	2.57405e-6	1
103083	2.5780500000000002e-6	1
103163	2.58005e-6	1
103283	2.58305e-6	1
103523	2.5890500000000002e-6	1
103723	2.59405e-6	1
103963	2.60005e-6	1
104083	2.60305e-6	1
104203	2.6060500000000002e-6	1
104323	2.60905e-6	1
104443	2.6120500000000003e-6	1
104523	2.61405e-6	1
104643	2.61705e-6	1
104843	2.62205e-6	1
105043	2.62705e-6	1
105163	2.63005e-6	1
105283	2.63305e-6	1
105363	2.6350500000000003e-6	1
105523	2.63905e-6	1
105723	2.64405e-6	1
105883	2.64805e-6	1
105963	2.65005e-6	1
106043	2.6520500000000003e-6	1
106123	2.65405e-6	1
106643	2.66705e-6	1
106883	2.67305e-6	1
107123	2.67905e-6	1
107203	2.68105e-6	1
107363	2.6850500000000002e-6	1
107603	2.6910500000000003e-6	1
107763	2.69505e-6	1
107843	2.6970500000000003e-6	1
108003	2.70105e-6	1
108163	2.70505e-6	1
108243	2.70705e-6	1
108363	2.71005e-6	1
108603	2.71605e-6	1
108803	2.72105e-6	1
109043	2.72705e-6	1
109163	2.7300500000000002e-6	1
109283	2.73305e-6	1
109403	2.7360500000000003e-6	1
109523	2.73905e-6	1
109603	2.74105e-6	1
109723	2.74405e-6	1
109923	2.74905e-6	1
110123	2.75405e-6	1
110243	2.75705e-6	1
110363	2.76005e-6	1
110443	2.76205e-6	1
110603	2.76605e-6	1
110803	2.77105e-6	1
110963	2.7750500000000002e-6	1
111043	2.77705e-6	1
111123	2.77905e-6	1
111203	2.7810500000000002e-6	1
111723	2.79405e-6	1
111963	2.80005e-6	1
112483	2.81305e-6	1
112723	2.81905e-6	1
112963	2.82505e-6	1
113043	2.82705e-6	1
113203	2.83105e-6	1
113443	2.8370500000000002e-6	1
113603	2.84105e-6	1
113683	2.8430500000000002e-6	1
113843	2.84705e-6	1
114003	2.85105e-6	1
114083	2.85305e-6	1
114203	2.85605e-6	1
114443	2.86205e-6	1
114643	2.86705e-6	1
114883	2.87305e-6	1
115003	2.87605e-6	1
115123	2.87905e-6	1
115243	2.8820500000000002e-6	1
115363	2.88505e-6	1
115443	2.88705e-6	1
115563	2.89005e-6	1
115763	2.89505e-6	1
115963	2.9000500000000003e-6	1
116083	2.90305e-6	1
116203	2.90605e-6	1
116283	2.90805e-6	1
116443	2.91205e-6	1
116643	2.9170500000000003e-6	1
116803	2.92105e-6	1
116883	2.92305e-6	1
116963	2.92505e-6	1
117043	2.92705e-6	1
117563	2.94005e-6	1
117803	2.94605e-6	1
118043	2.95205e-6	1
118123	2.95405e-6	1
118283	2.95805e-6	1
118523	2.96405e-6	1
118683	2.96805e-6	1
118763	2.97005e-6	1
118923	2.97405e-6	1
119083	2.9780500000000002e-6	1
119163	2.98005e-6	1
119283	2.98305e-6	1
119523	2.98905e-6	1
119723	2.99405e-6	1
119963	3.00005e-6	1
120083	3.00305e-6	1
120203	3.0060500000000002e-6	1
120323	3.00905e-6	1
120443	3.0120500000000002e-6	1
120523	3.01405e-6	1
120643	3.01705e-6	1
120843	3.02205e-6	1
121043	3.02705e-6	1
121163	3.0300500000000003e-6	1
121283	3.03305e-6	1
121363	3.0350500000000003e-6	1
121523	3.03905e-6	1
121723	3.04405e-6	1
121883	3.04805e-6	1
121963	3.05005e-6	1
122043	3.0520500000000003e-6	1
122123	3.05405e-6	1
122643	3.06705e-6	1
122883	3.07305e-6	1
123123	3.07905e-6	1
123203	3.08105e-6	1
123363	3.0850500000000002e-6	1
123603	3.0910500000000002e-6	1
123763	3.09505e-6	1
123843	3.0970500000000003e-6	1
124003	3.10105e-6	1
124163	3.10505e-6	1
124243	3.10705e-6	1
124363	3.11005e-6	1
124603	3.11605e-6	1
124803	3.12105e-6	1
125043	3.12705e-6	1
125163	3.1300500000000002e-06	1
125283	3.13305e-6	1
125403	3.1360500000000002e-6	1
125523	3.13905e-6	1
125603	3.14105e-6	1
125723	3.14405e-6	1
125923	3.14905e-6	1
126123	3.1540500000000003e-6	1
126243	3.15705e-6	1
126363	3.16005e-6	1
126443	3.16205e-6	1
126603	3.16605e-6	1
126803	3.1710500000000003e-6	1
126963	3.17505e-6	1
127043	3.17705e-6	1
127123	3.17905e-6	1
127203	3.1810500000000002e-6	1
127723	3.19405e-6	1
127963	3.20005e-6	1
128483	3.21305e-6	1
128723	3.21905e-6	1
128963	3.22505e-6	1
129043	3.2270500000000003e-6	1
129203	3.23105e-6	1
129443	3.23705e-6	1
129603	3.24105e-6	1
129683	3.2430500000000002e-6	1
129843	3.24705e-6	1
130003	3.25105e-6	1
130083	3.25305e-6	1
130203	3.25605e-6	1
130443	3.26205e-6	1
130643	3.26705e-6	1
130883	3.27305e-6	1
131003	3.27605e-6	1
131123	3.27905e-6	1
131243	3.28205e-6	1
131363	3.28505e-6	1
131443	3.28705e-6	1
131563	3.29005e-6	1
131763	3.2950500000000003e-6	1
131963	3.3000500000000003e-6	1
132083	3.30305e-6	1
132203	3.3060500000000003e-6	1
132283	3.30805e-6	1
132443	3.31205e-6	1
132643	3.3170500000000003e-6	1
132803	3.32105e-6	1
132883	3.3230500000000003e-6	1
132963	3.32505e-6	1
133043	3.32705e-6	1
133563	3.3400500000000003e-6	1
133803	3.34605e-6	1
134043	3.35205e-6	1
134123	3.35405e-6	1
134283	3.35805e-6	1
134523	3.36405e-6	1
134683	3.3680500000000003e-6	1
134763	3.37005e-6	1
134923	3.3740500000000003e-6	1
135083	3.37805e-6	1
135163	3.38005e-6	1
135283	3.38305e-6	1
135523	3.38905e-6	1
135723	3.39405e-6	1
135963	3.40005e-6	1
136083	3.40305e-6	1
136203	3.40605e-6	1
136323	3.40905e-6	1
136443	3.4120500000000002e-6	1
136523	3.41405e-6	1
136643	3.41705e-6	1
136843	3.42205e-6	1
137043	3.42705e-6	1
137163	3.4300500000000003e-6	1
137283	3.43305e-6	1
137363	3.4350500000000003e-6	1
137523	3.43905e-6	1
137723	3.44405e-6	1
137883	3.44805e-6	1
137963	3.45005e-6	1
138043	3.4520500000000003e-6	1
138123	3.45405e-6	1
138643	3.46705e-6	1
138883	3.47305e-6	1
139123	3.47905e-6	1
139203	3.4810500000000003e-6	1
139363	3.48505e-6	1
139603	3.4910500000000002e-6	1
139763	3.49505e-6	1
139843	3.4970500000000003e-6	1
140003	3.50105e-6	1
140163	3.50505e-6	1
140243	3.50705e-6	1
140363	3.51005e-6	1
140603	3.51605e-6	1
140803	3.52105e-6	1
141043	3.52705e-6	1
141163	3.53005e-6	1
141283	3.53305e-6	1
141403	3.5360500000000002e-6	1
141523	3.53905e-6	1
141603	3.54105e-6	1
141723	3.54405e-6	1
141923	3.54905e-6	1
142123	3.5540500000000003e-6	1
142243	3.55705e-6	1
142363	3.5600500000000003e-6	1
142443	3.56205e-6	1
142603	3.56605e-6	1
142803	3.5710500000000003e-6	1
142963	3.57505e-6	1
143043	3.5770500000000003e-6	1
143123	3.57905e-6	1
143203	3.5810500000000002e-6	1
143723	3.59405e-6	1
143963	3.60005e-6	1
144483	3.61305e-6	1
144723	3.61905e-6	1
144963	3.62505e-6	1
145043	3.6270500000000003e-6	1
145203	3.63105e-6	1
145443	3.63705e-6	1
145603	3.64105e-6	1
145683	3.6430500000000002e-6	1
145843	3.64705e-6	1
146003	3.65105e-6	1
146083	3.65305e-6	1
146203	3.6560500000000003e-6	1
146443	3.66205e-6	1
146643	3.6670500000000003e-6	1
146883	3.67305e-6	1
147003	3.67605e-6	1
147123	3.67905e-6	1
147243	3.68205e-6	1
147363	3.68505e-6	1
147443	3.68705e-6	1
147563	3.69005e-6	1
147763	3.6950500000000003e-6	1
147963	3.7000500000000003e-6	1
148083	3.70305e-6	1
148203	3.7060500000000003e-6	1
148283	3.70805e-6	1
148443	3.7120500000000003e-6	1
148643	3.7170500000000003e-6	1
148803	3.72105e-6	1
148883	3.7230500000000003e-6	1
148963	3.72505e-6	1
149043	3.72705e-6	1
149563	3.7400500000000003e-6	1
149803	3.7460500000000003e-6	1
150043	3.75205e-6	1
150123	3.75405e-6	1
150283	3.75805e-6	1
150523	3.76405e-6	1
150683	3.7680500000000003e-6	1
150763	3.77005e-6	1
150923	3.7740500000000003e-6	1
151083	3.77805e-6	1
151163	3.7800500000000003e-6	1
151283	3.78305e-6	1
151523	3.78905e-6	1
151723	3.79405e-6	1
151963	3.80005e-6	1
152083	3.80305e-6	1
152203	3.80605e-6	1
152323	3.80905e-6	1
152443	3.81205e-6	1
152523	3.81405e-6	1
152643	3.81705e-6	1
152843	3.82205e-6	1
153043	3.82705e-6	1
153163	3.83005e-6	1
153283	3.8330500000000005e-6	1
153363	3.83505e-6	1
153523	3.83905e-6	1
153723	3.84405e-6	1
153883	3.84805e-6	1
153963	3.8500500000000005e-6	1
154043	3.85205e-6	1
154123	3.85405e-6	1
154643	3.8670500000000005e-6	1
154883	3.87305e-6	1
155123	3.87905e-6	1
155203	3.88105e-6	1
155363	3.88505e-6	1
155603	3.89105e-6	1
155763	3.89505e-6	1
155843	3.89705e-6	1
156003	3.9010500000000005e-6	1
156163	3.90505e-6	1
156243	3.90705e-6	1
156363	3.91005e-6	1
156603	3.91605e-6	1
156803	3.92105e-6	1
157043	3.92705e-6	1
157163	3.93005e-6	1
157283	3.93305e-6	1
157403	3.93605e-6	1
157523	3.93905e-6	1
157603	3.94105e-6	1
157723	3.94405e-6	1
157923	3.94905e-6	1
158123	3.95405e-6	1
158243	3.9570500000000005e-6	1
158363	3.96005e-6	1
158443	3.9620500000000005e-6	1
158603	3.96605e-6	1
158803	3.97105e-6	1
158963	3.97505e-6	1
159043	3.97705e-6	1
159123	3.9790500000000005e-6	1
159203	3.98105e-6	1
159723	3.99405e-6	1
