i	S	V
243	7.05e-9	-1
523	1.405e-8	-1
803	2.105e-8	-1
1003	2.6050000000000002e-08	-1
1083	2.805e-8	-1
1363	3.505e-8	-1
1483	3.805e-8	-1
1643	4.205e-8	-1
1763	4.505e-8	-1
1963	5.005e-8	-1
2043	5.205e-8	-1
2123	5.4050000000000004e-8	-1
2403	6.105000000000001e-8	-1
2483	6.305e-8	-1
2763	7.005000000000001e-8	-1
2923	7.405e-8	-1
3043	7.705e-8	-1
3203	8.105e-8	-1
3323	8.405e-8	-1
3403	8.605e-8	-1
3523	8.9050000000000007e-08	-1
3723	9.405e-8	-1
3843	9.705e-8	-1
4043	1.0205e-7	-1
4123	1.0405000000000001e-7	-1
4243	1.0705000000000001e-7	-1
4403	1.1105e-7	-1
4563	1.1505e-7	-1
4723	1.1905000000000001e-7	-1
4843	1.2205e-7	-1
4923	1.2405e-7	-1
5003	1.2605e-7	-1
5323	1.3405e-7	-1
5603	1.4105e-7	-1
5883	1.4805e-7	-1
6083	1.5305e-7	-1
6163	1.5505e-7	-1
6443	1.6205e-7	-1
6563	1.6505e-7	-1
6723	1.6905e-7	-1
6843	1.7205e-7	-1
7043	1.7705000000000001e-7	-1
7123	1.7905e-7	-1
7203	1.8105e-7	-1
7483	1.8805000000000002e-7	-1
7563	1.9005e-7	-1
7843	1.9705e-7	-1
8003	2.0105000000000002e-7	-1
8123	2.0405e-7	-1
8283	2.0805000000000001e-7	-1
8403	2.1105e-7	-1
8483	2.1305000000000002e-7	-1
8603	2.1605e-7	-1
8803	2.2105e-7	-1
8923	2.2405e-7	-1
9123	2.2905e-7	-1
9203	2.3105000000000002e-7	-1
9323	2.3405e-7	-1
9483	2.3805000000000002e-7	-1
9643	2.4205000000000003e-7	-1
9803	2.4605e-7	-1
9923	2.4905e-7	-1
10003	2.5105e-7	-1
10083	2.5305e-7	-1
10403	2.6105e-7	-1
10683	2.6805e-7	-1
10963	2.7505e-7	-1
11163	2.8005e-7	-1
11243	2.8205e-7	-1
11523	2.8905e-7	-1
11643	2.9205e-7	-1
11803	2.9605e-7	-1
11923	2.9905e-7	-1
12123	3.0405e-7	-1
12203	3.0605e-7	-1
12283	3.0805e-7	-1
12563	3.1505e-7	-1
12643	3.1705e-7	-1
12923	3.2405e-7	-1
13083	3.2805000000000003e-7	-1
13203	3.3105e-7	-1
13363	3.3505e-7	-1
13483	3.3805e-7	-1
13563	3.4005000000000003e-7	-1
13683	3.4305e-7	-1
13883	3.4805e-7	-1
14003	3.5105e-7	-1
14203	3.5605e-7	-1
14283	3.5805e-7	-1
14403	3.6105e-7	-1
14563	3.6505e-7	-1
14723	3.6905000000000004e-7	-1
14883	3.7305e-7	-1
15003	3.7605000000000004e-7	-1
15083	3.7805000000000003e-7	-1
15163	3.8005e-7	-1
15483	3.8805000000000004e-7	-1
15763	3.9505000000000003e-7	-1
16243	4.0705000000000004e-7	-1
16523	4.1405000000000003e-7	-1
16803	4.2105000000000003e-7	-1
17003	4.2605000000000003e-7	-1
17083	4.2805e-7	-1
17363	4.3505e-7	-1
17483	4.3805000000000003e-7	-1
17643	4.4205e-7	-1
17763	4.4505000000000003e-7	-1
17963	4.5005000000000004e-7	-1
18043	4.5205000000000003e-7	-1
18123	4.5405e-7	-1
18403	4.6105e-7	-1
18483	4.6305e-7	-1
18763	4.7005e-7	-1
18923	4.7405000000000004e-7	-1
19043	4.770500000000001e-7	-1
19203	4.8105e-7	-1
19323	4.8405e-7	-1
19403	4.8605e-7	-1
19523	4.8905e-7	-1
19723	4.940500000000001e-7	-1
19843	4.9705e-7	-1
20043	5.0205e-7	-1
20123	5.040500000000001e-7	-1
20243	5.0705e-7	-1
20403	5.110500000000001e-7	-1
20563	5.1505e-7	-1
20723	5.1905e-7	-1
20843	5.2205e-7	-1
20923	5.2405e-7	-1
21003	5.2605e-7	-1
21323	5.3405e-7	-1
21603	5.4105e-7	-1
21883	5.4805e-7	-1
22083	5.5305e-7	-1
22163	5.5505e-7	-1
22443	5.6205e-7	-1
22563	5.6505e-7	-1
22723	5.6905e-7	-1
22843	5.7205e-7	-1
23043	5.7705e-7	-1
23123	5.7905e-7	-1
23203	5.8105e-7	-1
23483	5.8805e-7	-1
23563	5.900500000000001e-7	-1
23843	5.970500000000001e-7	-1
24003	6.0105e-7	-1
24123	6.040500000000001e-7	-1
24283	6.0805e-7	-1
24403	6.110500000000001e-7	-1
24483	6.1305e-7	-1
24603	6.1605e-7	-1
24803	6.210500000000001e-7	-1
24923	6.2405e-7	-1
25123	6.2905e-7	-1
25203	6.3105e-7	-1
25323	6.3405e-7	-1
25483	6.3805e-7	-1
25643	6.420500000000001e-7	-1
25803	6.4605e-7	-1
25923	6.490500000000001e-7	-1
26003	6.5105e-7	-1
26083	6.5305e-7	-1
26403	6.6105e-7	-1
26683	6.6805e-7	-1
26963	6.7505e-7	-1
27163	6.800500000000001e-7	-1
27243	6.8205e-7	-1
27523	6.8905e-7	-1
27643	6.9205e-7	-1
27803	6.9605e-7	-1
27923	6.9905e-7	-1
28123	7.040500000000001e-7	-1
28203	7.0605e-7	-1
28283	7.0805e-7	-1
28563	7.1505e-7	-1
28643	7.1705e-7	-1
28923	7.2405e-7	-1
29083	7.280500000000001e-7	-1
29203	7.310500000000001e-7	-1
29363	7.350500000000001e-7	-1
29483	7.380500000000001e-7	-1
29563	7.4005e-7	-1
29683	7.4305e-7	-1
29883	7.4805e-7	-1
30003	7.5105e-7	-1
30203	7.5605e-7	-1
30283	7.5805e-7	-1
30403	7.6105e-7	-1
30563	7.6505e-7	-1
30723	7.690500000000001e-7	-1
30883	7.730500000000001e-7	-1
31003	7.760500000000001e-7	-1
31083	7.7805e-7	-1
31163	7.800500000000001e-7	-1
31483	7.8805e-7	-1
31763	7.9505e-7	-1
32243	8.070500000000001e-7	-1
32523	8.140500000000001e-7	-1
32803	8.210500000000001e-7	-1
33003	8.2605e-7	-1
33083	8.280500000000001e-7	-1
33363	8.350500000000001e-7	-1
33483	8.380500000000001e-7	-1
33643	8.4205e-7	-1
33763	8.450500000000001e-7	-1
33963	8.5005e-7	-1
34043	8.520500000000001e-7	-1
34123	8.5405e-7	-1
34403	8.6105e-7	-1
34483	8.6305e-7	-1
34763	8.7005e-7	-1
34923	8.7405e-7	-1
35043	8.7705e-7	-1
35203	8.8105e-7	-1
35323	8.8405e-7	-1
35403	8.860500000000001e-7	-1
35523	8.8905e-7	-1
35723	8.9405e-7	-1
35843	8.970500000000001e-7	-1
36043	9.0205e-7	-1
36123	9.0405e-7	-1
36243	9.070500000000001e-7	-1
36403	9.1105e-7	-1
36563	9.1505e-7	-1
36723	9.1905e-7	-1
36843	9.2205e-7	-1
36923	9.240500000000001e-7	-1
37003	9.2605e-7	-1
37323	9.340500000000001e-7	-1
37603	9.410500000000001e-7	-1
37883	9.480500000000001e-7	-1
38083	9.5305e-7	-1
38163	9.5505e-7	-1
38443	9.6205e-7	-1
38563	9.6505e-7	-1
38723	9.6905e-7	-1
38843	9.7205e-7	-1
39043	9.7705e-7	-1
39123	9.7905e-7	-1
39203	9.810500000000001e-7	-1
39483	9.8805e-7	-1
39563	9.9005e-7	-1
39843	9.9705e-7	-1
40003	1.0010500000000001e-6	-1
40123	1.00405e-6	-1
40283	1.00805e-6	-1
40403	1.01105e-6	-1
40483	1.01305e-6	-1
40603	1.01605e-6	-1
40803	1.02105e-6	-1
40923	1.02405e-6	-1
41123	1.0290500000000001e-6	-1
41203	1.03105e-6	-1
41323	1.03405e-6	-1
41483	1.03805e-6	-1
41643	1.04205e-6	-1
41803	1.0460500000000001e-6	-1
41923	1.04905e-6	-1
42003	1.05105e-6	-1
42083	1.05305e-6	-1
42403	1.06105e-6	-1
42683	1.06805e-6	-1
42963	1.07505e-6	-1
43163	1.08005e-6	-1
43243	1.08205e-6	-1
43523	1.08905e-6	-1
43643	1.09205e-6	-1
43803	1.09605e-6	-1
43923	1.09905e-6	-1
44123	1.10405e-6	-1
44203	1.10605e-6	-1
44283	1.1080500000000001e-6	-1
44563	1.11505e-6	-1
44643	1.11705e-6	-1
44923	1.12405e-6	-1
45083	1.12805e-6	-1
45203	1.13105e-6	-1
45363	1.13505e-6	-1
45483	1.13805e-6	-1
45563	1.14005e-6	-1
45683	1.14305e-6	-1
45883	1.14805e-6	-1
46003	1.15105e-6	-1
46203	1.1560500000000001e-6	-1
46283	1.15805e-6	-1
46403	1.16105e-6	-1
46563	1.16505e-6	-1
46723	1.16905e-6	-1
46883	1.1730500000000001e-6	-1
47003	1.17605e-6	-1
47083	1.17805e-6	-1
47163	1.18005e-6	-1
47483	1.18805e-6	-1
47763	1.19505e-6	-1
48243	1.20705e-6	-1
48523	1.21405e-6	-1
48803	1.22105e-6	-1
49003	1.22605e-6	-1
49083	1.22805e-6	-1
49363	1.2350500000000001e-6	-1
49483	1.23805e-6	-1
49643	1.24205e-6	-1
49763	1.24505e-6	-1
49963	1.25005e-6	-1
50043	1.2520500000000002e-6	-1
50123	1.25405e-6	-1
50403	1.26105e-6	-1
50483	1.2630500000000001e-6	-1
50763	1.27005e-6	-1
50923	1.2740500000000001e-6	-1
51043	1.2770500000000001e-6	-1
51203	1.28105e-6	-1
51323	1.28405e-6	-1
51403	1.28605e-6	-1
51523	1.28905e-6	-1
51723	1.2940500000000001e-6	-1
51843	1.2970500000000001e-6	-1
52043	1.30205e-6	-1
52123	1.30405e-6	-1
52243	1.30705e-6	-1
52403	1.3110500000000001e-6	-1
52563	1.31505e-6	-1
52723	1.31905e-6	-1
52843	1.3220500000000001e-6	-1
52923	1.32405e-6	-1
53003	1.32605e-6	-1
53323	1.33405e-6	-1
53603	1.34105e-6	-1
53883	1.34805e-6	-1
54083	1.3530500000000001e-6	-1
54163	1.35505e-6	-1
54443	1.36205e-6	-1
54563	1.36505e-6	-1
54723	1.36905e-6	-1
54843	1.37205e-6	-1
55043	1.37705e-6	-1
55123	1.37905e-6	-1
55203	1.38105e-6	-1
55483	1.38805e-6	-1
55563	1.3900500000000001e-6	-1
55843	1.39705e-6	-1
56003	1.4010500000000001e-6	-1
56123	1.4040500000000001e-6	-1
56283	1.40805e-6	-1
56403	1.41105e-6	-1
56483	1.41305e-6	-1
56603	1.41605e-6	-1
56803	1.4210500000000001e-6	-1
56923	1.4240500000000002e-6	-1
57123	1.4290500000000001e-6	-1
57203	1.43105e-6	-1
57323	1.43405e-6	-1
57483	1.4380500000000001e-6	-1
57643	1.44205e-6	-1
57803	1.4460500000000001e-6	-1
57923	1.4490500000000001e-6	-1
58003	1.45105e-6	-1
58083	1.45305e-6	-1
58403	1.46105e-6	-1
58683	1.46805e-6	-1
58963	1.47505e-6	-1
59163	1.4800500000000001e-6	-1
59243	1.48205e-6	-1
59523	1.48905e-6	-1
59643	1.49205e-6	-1
59803	1.49605e-6	-1
59923	1.49905e-6	-1
60123	1.50405e-6	-1
60203	1.50605e-6	-1
60283	1.5080500000000001e-6	-1
60563	1.51505e-6	-1
60643	1.5170500000000002e-6	-1
60923	1.52405e-6	-1
61083	1.5280500000000001e-6	-1
61203	1.5310500000000001e-6	-1
61363	1.53505e-6	-1
61483	1.53805e-6	-1
61563	1.54005e-6	-1
61683	1.54305e-6	-1
61883	1.5480500000000002e-6	-1
62003	1.55105e-6	-1
62203	1.5560500000000001e-6	-1
62283	1.55805e-6	-1
62403	1.56105e-6	-1
62563	1.5650500000000002e-6	-1
62723	1.56905e-6	-1
62883	1.5730500000000001e-6	-1
63003	1.5760500000000001e-6	-1
63083	1.57805e-6	-1
63163	1.58005e-6	-1
63483	1.58805e-6	-1
63763	1.59505e-6	-1
64243	1.6070500000000001e-6	-1
64523	1.61405e-6	-1
64803	1.6210500000000001e-6	-1
65003	1.62605e-6	-1
65083	1.62805e-6	-1
65363	1.6350500000000001e-6	-1
65483	1.6380500000000001e-6	-1
65643	1.64205e-6	-1
65763	1.64505e-6	-1
65963	1.65005e-6	-1
66043	1.6520500000000001e-6	-1
66123	1.65405e-6	-1
66403	1.66105e-6	-1
66483	1.6630500000000001e-6	-1
66763	1.67005e-6	-1
66923	1.67405e-6	-1
67043	1.67705e-6	-1
67203	1.68105e-6	-1
67323	1.68405e-6	-1
67403	1.6860500000000001e-6	-1
67523	1.6890500000000002e-6	-1
67723	1.6940500000000001e-6	-1
67843	1.6970500000000001e-6	-1
68043	1.70205e-6	-1
68123	1.70405e-6	-1
68243	1.70705e-6	-1
68403	1.7110500000000001e-6	-1
68563	1.71505e-6	-1
68723	1.71905e-6	-1
68843	1.72205e-6	-1
68923	1.72405e-6	-1
69003	1.72605e-6	-1
69323	1.7340500000000002e-6	-1
69603	1.74105e-6	-1
69883	1.7480500000000001e-6	-1
70083	1.75305e-6	-1
70163	1.75505e-6	-1
70443	1.7620500000000001e-6	-1
70563	1.7650500000000002e-6	-1
70723	1.76905e-6	-1
70843	1.77205e-6	-1
71043	1.77705e-6	-1
71123	1.7790500000000001e-6	-1
71203	1.78105e-6	-1
71483	1.78805e-6	-1
71563	1.7900500000000001e-6	-1
71843	1.79705e-6	-1
72003	1.80105e-6	-1
72123	1.8040500000000001e-6	-1
72283	1.80805e-6	-1
72403	1.81105e-6	-1
72483	1.8130500000000002e-6	-1
72603	1.8160500000000002e-6	-1
72803	1.8210500000000001e-6	-1
72923	1.8240500000000001e-6	-1
73123	1.82905e-6	-1
73203	1.83105e-6	-1
73323	1.83405e-6	-1
73483	1.8380500000000001e-6	-1
73643	1.84205e-6	-1
73803	1.84605e-6	-1
73923	1.8490500000000001e-6	-1
74003	1.85105e-6	-1
74083	1.85305e-6	-1
74403	1.8610500000000002e-6	-1
74683	1.86805e-6	-1
74963	1.8750500000000002e-6	-1
75163	1.8800500000000001e-6	-1
75243	1.88205e-6	-1
75523	1.8890500000000002e-6	-1
75643	1.8920500000000002e-6	-1
75803	1.89605e-6	-1
75923	1.89905e-6	-1
76123	1.90405e-6	-1
76203	1.9060500000000002e-6	-1
76283	1.90805e-6	-1
76563	1.91505e-6	-1
76643	1.91705e-6	-1
76923	1.9240500000000002e-6	-1
77083	1.92805e-6	-1
77203	1.93105e-6	-1
77363	1.9350500000000002e-6	-1
77483	1.93805e-6	-1
77563	1.94005e-6	-1
77683	1.94305e-6	-1
77883	1.94805e-6	-1
78003	1.95105e-6	-1
78203	1.95605e-6	-1
78283	1.9580500000000003e-6	-1
78403	1.96105e-6	-1
78563	1.96505e-6	-1
78723	1.9690500000000002e-6	-1
78883	1.97305e-6	-1
79003	1.97605e-6	-1
79083	1.97805e-6	-1
79163	1.98005e-6	-1
79483	1.98805e-6	-1
79763	1.99505e-6	-1
80243	2.00705e-6	-1
80523	2.0140500000000002e-6	-1
80803	2.02105e-6	-1
81003	2.0260500000000003e-6	-1
81083	2.02805e-6	-1
81363	2.03505e-6	-1
81483	2.03805e-6	-1
81643	2.04205e-6	-1
81763	2.04505e-6	-1
81963	2.05005e-6	-1
82043	2.05205e-6	-1
82123	2.0540500000000003e-6	-1
82403	2.06105e-6	-1
82483	2.06305e-6	-1
82763	2.07005e-6	-1
82923	2.07405e-6	-1
83043	2.07705e-6	-1
83203	2.08105e-6	-1
83323	2.08405e-6	-1
83403	2.08605e-6	-1
83523	2.08905e-6	-1
83723	2.09405e-6	-1
83843	2.09705e-6	-1
84043	2.10205e-6	-1
84123	2.10405e-6	-1
84243	2.10705e-6	-1
84403	2.11105e-6	-1
84563	2.11505e-6	-1
84723	2.11905e-6	-1
84843	2.12205e-6	-1
84923	2.12405e-6	-1
85003	2.12605e-6	-1
85323	2.13405e-6	-1
85603	2.14105e-6	-1
85883	2.14805e-6	-1
86083	2.15305e-6	-1
86163	2.1550500000000002e-6	-1
86443	2.16205e-6	-1
86563	2.16505e-6	-1
86723	2.16905e-6	-1
86843	2.1720500000000002e-6	-1
87043	2.17705e-6	-1
87123	2.17905e-6	-1
87203	2.18105e-6	-1
87483	2.18805e-6	-1
87563	2.19005e-6	-1
87843	2.19705e-6	-1
88003	2.20105e-6	-1
88123	2.20405e-6	-1
88283	2.20805e-6	-1
88403	2.21105e-6	-1
88483	2.21305e-6	-1
88603	2.21605e-6	-1
88803	2.22105e-6	-1
88923	2.22405e-6	-1
89123	2.2290500000000003e-6	-1
89203	2.23105e-6	-1
89323	2.2340500000000002e-6	-1
89483	2.23805e-6	-1
89643	2.24205e-6	-1
89803	2.2460500000000003e-6	-1
89923	2.24905e-6	-1
90003	2.2510500000000002e-6	-1
90083	2.25305e-6	-1
90403	2.26105e-6	-1
90683	2.2680500000000002e-6	-1
90963	2.27505e-6	-1
91163	2.28005e-6	-1
91243	2.28205e-6	-1
91523	2.28905e-6	-1
91643	2.29205e-6	-1
91803	2.2960500000000002e-6	-1
91923	2.29905e-6	-1
92123	2.30405e-6	-1
92203	2.30605e-6	-1
92283	2.3080500000000003e-6	-1
92563	2.31505e-6	-1
92643	2.31705e-6	-1
92923	2.3240500000000002e-6	-1
93083	2.32805e-6	-1
93203	2.33105e-6	-1
93363	2.33505e-6	-1
93483	2.33805e-6	-1
93563	2.34005e-6	-1
93683	2.34305e-6	-1
93883	2.34805e-6	-1
94003	2.35105e-6	-1
94203	2.35605e-6	-1
94283	2.3580500000000002e-6	-1
94403	2.36105e-6	-1
94563	2.36505e-6	-1
94723	2.3690500000000002e-6	-1
94883	2.37305e-6	-1
95003	2.37605e-6	-1
95083	2.37805e-6	-1
95163	2.38005e-6	-1
95483	2.38805e-6	-1
95763	2.39505e-6	-1
96243	2.40705e-6	-1
96523	2.41405e-6	-1
96803	2.42105e-6	-1
97003	2.4260500000000003e-6	-1
97083	2.42805e-6	-1
97363	2.43505e-6	-1
97483	2.43805e-6	-1
97643	2.44205e-6	-1
97763	2.44505e-6	-1
97963	2.45005e-6	-1
98043	2.45205e-6	-1
98123	2.4540500000000002e-6	-1
98403	2.46105e-6	-1
98483	2.46305e-6	-1
98763	2.47005e-6	-1
98923	2.47405e-6	-1
99043	2.4770500000000003e-6	-1
99203	2.48105e-6	-1
99323	2.48405e-6	-1
99403	2.48605e-6	-1
99523	2.48905e-6	-1
99723	2.4940500000000003e-6	-1
99843	2.49705e-6	-1
100043	2.50205e-6	-1
100123	2.50405e-6	-1
100243	2.50705e-6	-1
100403	2.5110500000000003e-6	-1
100563	2.51505e-6	-1
100723	2.51905e-6	-1
100843	2.5220500000000003e-6	-1
100923	2.52405e-6	-1
101003	2.52605e-6	-1
101323	2.53405e-6	-1
101603	2.54105e-6	-1
101883	2.54805e-6	-1
102083	2.55305e-6	-1
102163	2.55505e-6	-1
102443	2.56205e-6	-1
102563	2.56505e-6	-1
102723	2.56905e-6	-1
102843	2.5720500000000002e-6	-1
103043	2.57705e-6	-1
103123	2.57905e-6	-1
103203	2.58105e-6	-1
103483	2.58805e-6	-1
103563	2.5900500000000003e-6	-1
103843	2.59705e-6	-1
104003	2.6010500000000003e-6	-1
104123	2.60405e-6	-1
104283	2.60805e-6	-1
104403	2.61105e-6	-1
104483	2.61305e-6	-1
104603	2.61605e-6	-1
104803	2.62105e-6	-1
104923	2.62405e-6	-1
105123	2.6290500000000003e-6	-1
105203	2.63105e-6	-1
105323	2.6340500000000002e-6	-1
105483	2.63805e-6	-1
105643	2.64205e-6	-1
105803	2.6460500000000003e-6	-1
105923	2.64905e-6	-1
106003	2.6510500000000002e-6	-1
106083	2.65305e-6	-1
106403	2.66105e-6	-1
106683	2.6680500000000002e-6	-1
106963	2.67505e-6	-1
107163	2.6800500000000003e-6	-1
107243	2.68205e-6	-1
107523	2.68905e-6	-1
107643	2.69205e-6	-1
107803	2.6960500000000002e-6	-1
107923	2.69905e-6	-1
108123	2.70405e-6	-1
108203	2.70605e-6	-1
108283	2.7080500000000003e-6	-1
108563	2.71505e-6	-1
108643	2.71705e-6	-1
108923	2.72405e-6	-1
109083	2.72805e-6	-1
109203	2.7310500000000003e-6	-1
109363	2.73505e-6	-1
109483	2.73805e-6	-1
109563	2.74005e-6	-1
109683	2.74305e-6	-1
109883	2.7480500000000003e-6	-1
110003	2.75105e-6	-1
110203	2.75605e-6	-1
110283	2.7580500000000002e-6	-1
110403	2.76105e-6	-1
110563	2.76505e-6	-1
110723	2.76905e-6	-1
110883	2.77305e-6	-1
111003	2.7760500000000003e-6	-1
111083	2.77805e-6	-1
111163	2.78005e-6	-1
111483	2.78805e-6	-1
111763	2.79505e-6	-1
112243	2.80705e-6	-1
112523	2.81405e-6	-1
112803	2.8210500000000003e-6	-1
113003	2.8260500000000002e-6	-1
113083	2.82805e-6	-1
113363	2.83505e-6	-1
113483	2.8380500000000003e-6	-1
113643	2.84205e-6	-1
113763	2.84505e-6	-1
113963	2.85005e-6	-1
114043	2.85205e-6	-1
114123	2.8540500000000002e-6	-1
114403	2.86105e-6	-1
114483	2.86305e-6	-1
114763	2.87005e-6	-1
114923	2.87405e-6	-1
115043	2.8770500000000003e-6	-1
115203	2.88105e-6	-1
115323	2.88405e-6	-1
115403	2.88605e-6	-1
115523	2.8890500000000003e-6	-1
115723	2.8940500000000003e-6	-1
115843	2.89705e-6	-1
116043	2.90205e-6	-1
116123	2.90405e-6	-1
116243	2.90705e-6	-1
116403	2.9110500000000003e-6	-1
116563	2.91505e-6	-1
116723	2.91905e-6	-1
116843	2.9220500000000003e-6	-1
116923	2.92405e-6	-1
117003	2.92605e-6	-1
117323	2.9340500000000003e-6	-1
117603	2.94105e-6	-1
117883	2.94805e-6	-1
118083	2.95305e-6	-1
118163	2.95505e-6	-1
118443	2.9620500000000003e-6	-1
118563	2.96505e-6	-1
118723	2.96905e-6	-1
118843	2.97205e-6	-1
119043	2.97705e-6	-1
119123	2.9790500000000003e-6	-1
119203	2.98105e-6	-1
119483	2.98805e-6	-1
119563	2.9900500000000003e-6	-1
119843	2.99705e-6	-1
120003	3.0010500000000003e-6	-1
120123	3.00405e-6	-1
120283	3.00805e-6	-1
120403	3.01105e-6	-1
120483	3.0130500000000003e-6	-1
120603	3.01605e-6	-1
120803	3.02105e-6	-1
120923	3.0240500000000003e-6	-1
121123	3.0290500000000002e-6	-1
121203	3.03105e-6	-1
121323	3.03405e-6	-1
121483	3.03805e-6	-1
121643	3.04205e-6	-1
121803	3.0460500000000003e-6	-1
121923	3.04905e-6	-1
122003	3.05105e-6	-1
122083	3.05305e-6	-1
122403	3.06105e-6	-1
122683	3.0680500000000002e-6	-1
122963	3.0750500000000003e-6	-1
123163	3.0800500000000003e-6	-1
123243	3.08205e-6	-1
123523	3.08905e-6	-1
123643	3.0920500000000003e-6	-1
123803	3.09605e-6	-1
123923	3.09905e-6	-1
124123	3.10405e-6	-1
124203	3.10605e-6	-1
124283	3.1080500000000003e-6	-1
124563	3.11505e-6	-1
124643	3.11705e-6	-1
124923	3.12405e-6	-1
125083	3.12805e-6	-1
125203	3.1310500000000003e-6	-1
125363	3.13505e-6	-1
125483	3.13805e-6	-1
125563	3.14005e-6	-1
125683	3.14305e-6	-1
125883	3.1480500000000003e-6	-1
126003	3.15105e-6	-1
126203	3.15605e-6	-1
126283	3.15805e-6	-1
126403	3.16105e-6	-1
126563	3.1650500000000003e-6	-1
126723	3.16905e-6	-1
126883	3.17305e-6	-1
127003	3.1760500000000003e-6	-1
127083	3.17805e-6	-1
127163	3.18005e-6	-1
127483	3.18805e-6	-1
127763	3.19505e-6	-1
128243	3.20705e-6	-1
128523	3.21405e-6	-1
128803	3.2210500000000003e-6	-1
129003	3.2260500000000002e-6	-1
129083	3.22805e-6	-1
129363	3.23505e-6	-1
129483	3.2380500000000003e-6	-1
129643	3.24205e-6	-1
129763	3.24505e-6	-1
129963	3.25005e-6	-1
130043	3.25205e-6	-1
130123	3.25405e-6	-1
130403	3.2610500000000003e-6	-1
130483	3.26305e-6	-1
130763	3.27005e-6	-1
130923	3.27405e-6	-1
131043	3.2770500000000002e-6	-1
131203	3.28105e-6	-1
131323	3.28405e-6	-1
131403	3.28605e-6	-1
131523	3.2890500000000003e-6	-1
131723	3.2940500000000003e-6	-1
131843	3.29705e-6	-1
132043	3.30205e-6	-1
132123	3.30405e-6	-1
132243	3.30705e-6	-1
132403	3.3110500000000003e-6	-1
132563	3.31505e-6	-1
132723	3.31905e-6	-1
132843	3.3220500000000002e-6	-1
132923	3.32405e-6	-1
133003	3.32605e-6	-1
133323	3.3340500000000003e-6	-1
133603	3.34105e-6	-1
133883	3.34805e-6	-1
134083	3.35305e-6	-1
134163	3.35505e-6	-1
134443	3.3620500000000003e-6	-1
134563	3.36505e-6	-1
134723	3.36905e-6	-1
134843	3.37205e-6	-1
135043	3.37705e-6	-1
135123	3.3790500000000003e-6	-1
135203	3.38105e-6	-1
135483	3.38805e-6	-1
135563	3.3900500000000003e-6	-1
135843	3.39705e-6	-1
136003	3.4010500000000002e-6	-1
136123	3.40405e-6	-1
136283	3.40805e-6	-1
136403	3.41105e-6	-1
136483	3.4130500000000003e-6	-1
136603	3.41605e-6	-1
136803	3.42105e-6	-1
136923	3.4240500000000003e-6	-1
137123	3.4290500000000002e-6	-1
137203	3.43105e-6	-1
137323	3.43405e-6	-1
137483	3.43805e-6	-1
137643	3.44205e-6	-1
137803	3.4460500000000002e-6	-1
137923	3.44905e-6	-1
138003	3.45105e-6	-1
138083	3.45305e-6	-1
138403	3.46105e-6	-1
138683	3.46805e-6	-1
138963	3.4750500000000003e-6	-1
139163	3.4800500000000002e-6	-1
139243	3.48205e-6	-1
139523	3.48905e-6	-1
139643	3.4920500000000003e-6	-1
139803	3.49605e-6	-1
139923	3.49905e-6	-1
140123	3.50405e-6	-1
140203	3.50605e-6	-1
140283	3.5080500000000002e-6	-1
140563	3.5150500000000003e-6	-1
140643	3.51705e-6	-1
140923	3.52405e-6	-1
141083	3.52805e-6	-1
141203	3.5310500000000003e-6	-1
141363	3.53505e-6	-1
141483	3.53805e-6	-1
141563	3.54005e-6	-1
141683	3.5430500000000003e-6	-1
141883	3.5480500000000003e-6	-1
142003	3.55105e-6	-1
142203	3.55605e-6	-1
142283	3.55805e-6	-1
142403	3.56105e-6	-1
142563	3.5650500000000003e-6	-1
142723	3.56905e-6	-1
142883	3.57305e-6	-1
143003	3.5760500000000003e-6	-1
143083	3.57805e-6	-1
143163	3.58005e-6	-1
143483	3.5880500000000003e-6	-1
143763	3.59505e-6	-1
144243	3.60705e-6	-1
144523	3.61405e-6	-1
144803	3.6210500000000003e-6	-1
145003	3.62605e-6	-1
145083	3.62805e-6	-1
145363	3.63505e-6	-1
145483	3.6380500000000003e-6	-1
145643	3.64205e-6	-1
145763	3.64505e-6	-1
145963	3.6500500000000003e-6	-1
146043	3.65205e-6	-1
146123	3.65405e-6	-1
146403	3.6610500000000003e-6	-1
146483	3.66305e-6	-1
146763	3.67005e-6	-1
146923	3.67405e-6	-1
147043	3.6770500000000002e-6	-1
147203	3.68105e-6	-1
147323	3.6840500000000003e-6	-1
147403	3.68605e-6	-1
147523	3.6890500000000003e-6	-1
147723	3.6940500000000002e-6	-1
147843	3.69705e-6	-1
148043	3.70205e-6	-1
148123	3.70405e-6	-1
148243	3.70705e-6	-1
148403	3.7110500000000002e-6	-1
148563	3.71505e-6	-1
148723	3.71905e-6	-1
148843	3.7220500000000002e-6	-1
148923	3.72405e-6	-1
149003	3.72605e-6	-1
149323	3.7340500000000003e-6	-1
149603	3.74105e-6	-1
149883	3.74805e-6	-1
150083	3.75305e-6	-1
150163	3.75505e-6	-1
150443	3.7620500000000003e-6	-1
150563	3.76505e-6	-1
150723	3.76905e-6	-1
150843	3.77205e-6	-1
151043	3.77705e-6	-1
151123	3.7790500000000003e-6	-1
151203	3.78105e-6	-1
151483	3.78805e-6	-1
151563	3.7900500000000002e-6	-1
151843	3.7970500000000003e-6	-1
152003	3.8010500000000002e-6	-1
152123	3.80405e-6	-1
152283	3.8080500000000003e-6	-1
152403	3.81105e-6	-1
152483	3.8130500000000003e-6	-1
152603	3.8160500000000005e-6	-1
152803	3.8210500000000005e-6	-1
152923	3.82405e-6	-1
153123	3.82905e-6	-1
153203	3.83105e-6	-1
153323	3.83405e-6	-1
153483	3.8380500000000005e-6	-1
153643	3.84205e-6	-1
153803	3.84605e-6	-1
153923	3.84905e-6	-1
154003	3.85105e-6	-1
154083	3.85305e-6	-1
154403	3.86105e-6	-1
154683	3.86805e-6	-1
154963	3.87505e-6	-1
155163	3.88005e-6	-1
155243	3.88205e-6	-1
155523	3.8890500000000005e-6	-1
155643	3.89205e-6	-1
155803	3.89605e-6	-1
155923	3.89905e-6	-1
156123	3.90405e-6	-1
156203	3.9060500000000005e-6	-1
156283	3.90805e-6	-1
156563	3.91505e-6	-1
156643	3.91705e-6	-1
156923	3.92405e-6	-1
157083	3.9280500000000004e-6	-1
157203	3.93105e-6	-1
157363	3.9350500000000006e-6	-1
157483	3.93805e-6	-1
157563	3.9400500000000005e-6	-1
157683	3.94305e-6	-1
157883	3.94805e-6	-1
158003	3.95105e-6	-1
158203	3.95605e-6	-1
158283	3.95805e-6	-1
158403	3.96105e-6	-1
158563	3.96505e-6	-1
158723	3.9690500000000006e-6	-1
158883	3.97305e-6	-1
159003	3.97605e-6	-1
159083	3.97805e-6	-1
159163	3.98005e-6	-1
159483	3.98805e-6	-1
159763	3.99505e-6	-1
