i	S	V
263	7.05e-9	-1
543	1.405e-8	-1
823	2.105e-8	-1
1023	2.6050000000000002e-08	-1
1103	2.805e-8	-1
1383	3.505e-8	-1
1503	3.805e-8	-1
1663	4.205e-8	-1
1783	4.505e-8	-1
1983	5.005e-8	-1
2063	5.205e-8	-1
2143	5.4050000000000004e-8	-1
2423	6.105000000000001e-8	-1
2503	6.305e-8	-1
2783	7.005000000000001e-8	-1
2943	7.405e-8	-1
3063	7.705e-8	-1
3223	8.105e-8	-1
3343	8.405e-8	-1
3423	8.605e-8	-1
3543	8.9050000000000007e-08	-1
3743	9.405e-8	-1
3863	9.705e-8	-1
4063	1.0205e-7	-1
4143	1.0405000000000001e-7	-1
4263	1.0705000000000001e-7	-1
4423	1.1105e-7	-1
4583	1.1505e-7	-1
4743	1.1905000000000001e-7	-1
4863	1.2205e-7	-1
4943	1.2405e-7	-1
5023	1.2605e-7	-1
5343	1.3405e-7	-1
5623	1.4105e-7	-1
5903	1.4805e-7	-1
6103	1.5305e-7	-1
6183	1.5505e-7	-1
6463	1.6205e-7	-1
6583	1.6505e-7	-1
6743	1.6905e-7	-1
6863	1.7205e-7	-1
7063	1.7705000000000001e-7	-1
7143	1.7905e-7	-1
7223	1.8105e-7	-1
7503	1.8805000000000002e-7	-1
7583	1.9005e-7	-1
7863	1.9705e-7	-1
8023	2.0105000000000002e-7	-1
8143	2.0405e-7	-1
8303	2.0805000000000001e-7	-1
8423	2.1105e-7	-1
8503	2.1305000000000002e-7	-1
8623	2.1605e-7	-1
8823	2.2105e-7	-1
8943	2.2405e-7	-1
9143	2.2905e-7	-1
9223	2.3105000000000002e-7	-1
9343	2.3405e-7	-1
9503	2.3805000000000002e-7	-1
9663	2.4205000000000003e-7	-1
9823	2.4605e-7	-1
9943	2.4905e-7	-1
10023	2.5105e-7	-1
10103	2.5305e-7	-1
10423	2.6105e-7	-1
10703	2.6805e-7	-1
10983	2.7505e-7	-1
11183	2.8005e-7	-1
11263	2.8205e-7	-1
11543	2.8905e-7	-1
11663	2.9205e-7	-1
11823	2.9605e-7	-1
11943	2.9905e-7	-1
12143	3.0405e-7	-1
12223	3.0605e-7	-1
12303	3.0805e-7	-1
12583	3.1505e-7	-1
12663	3.1705e-7	-1
12943	3.2405e-7	-1
13103	3.2805000000000003e-7	-1
13223	3.3105e-7	-1
13383	3.3505e-7	-1
13503	3.3805e-7	-1
13583	3.4005000000000003e-7	-1
13703	3.4305e-7	-1
13903	3.4805e-7	-1
14023	3.5105e-7	-1
14223	3.5605e-7	-1
14303	3.5805e-7	-1
14423	3.6105e-7	-1
14583	3.6505e-7	-1
14743	3.6905000000000004e-7	-1
14903	3.7305e-7	-1
15023	3.7605000000000004e-7	-1
15103	3.7805000000000003e-7	-1
15183	3.8005e-7	-1
15503	3.8805000000000004e-7	-1
15783	3.9505000000000003e-7	-1
16263	4.0705000000000004e-7	-1
16543	4.1405000000000003e-7	-1
16823	4.2105000000000003e-7	-1
17023	4.2605000000000003e-7	-1
17103	4.2805e-7	-1
17383	4.3505e-7	-1
17503	4.3805000000000003e-7	-1
17663	4.4205e-7	-1
17783	4.4505000000000003e-7	-1
17983	4.5005000000000004e-7	-1
18063	4.5205000000000003e-7	-1
18143	4.5405e-7	-1
18423	4.6105e-7	-1
18503	4.6305e-7	-1
18783	4.7005e-7	-1
18943	4.7405000000000004e-7	-1
19063	4.770500000000001e-7	-1
19223	4.8105e-7	-1
19343	4.8405e-7	-1
19423	4.8605e-7	-1
19543	4.8905e-7	-1
19743	4.940500000000001e-7	-1
19863	4.9705e-7	-1
20063	5.0205e-7	-1
20143	5.040500000000001e-7	-1
20263	5.0705e-7	-1
20423	5.110500000000001e-7	-1
20583	5.1505e-7	-1
20743	5.1905e-7	-1
20863	5.2205e-7	-1
20943	5.2405e-7	-1
21023	5.2605e-7	-1
21343	5.3405e-7	-1
21623	5.4105e-7	-1
21903	5.4805e-7	-1
22103	5.5305e-7	-1
22183	5.5505e-7	-1
22463	5.6205e-7	-1
22583	5.6505e-7	-1
22743	5.6905e-7	-1
22863	5.7205e-7	-1
23063	5.7705e-7	-1
23143	5.7905e-7	-1
23223	5.8105e-7	-1
23503	5.8805e-7	-1
23583	5.900500000000001e-7	-1
23863	5.970500000000001e-7	-1
24023	6.0105e-7	-1
24143	6.040500000000001e-7	-1
24303	6.0805e-7	-1
24423	6.110500000000001e-7	-1
24503	6.1305e-7	-1
24623	6.1605e-7	-1
24823	6.210500000000001e-7	-1
24943	6.2405e-7	-1
25143	6.2905e-7	-1
25223	6.3105e-7	-1
25343	6.3405e-7	-1
25503	6.3805e-7	-1
25663	6.420500000000001e-7	-1
25823	6.4605e-7	-1
25943	6.490500000000001e-7	-1
26023	6.5105e-7	-1
26103	6.5305e-7	-1
26423	6.6105e-7	-1
26703	6.6805e-7	-1
26983	6.7505e-7	-1
27183	6.800500000000001e-7	-1
27263	6.8205e-7	-1
27543	6.8905e-7	-1
27663	6.9205e-7	-1
27823	6.9605e-7	-1
27943	6.9905e-7	-1
28143	7.040500000000001e-7	-1
28223	7.0605e-7	-1
28303	7.0805e-7	-1
28583	7.1505e-7	-1
28663	7.1705e-7	-1
28943	7.2405e-7	-1
29103	7.280500000000001e-7	-1
29223	7.310500000000001e-7	-1
29383	7.350500000000001e-7	-1
29503	7.380500000000001e-7	-1
29583	7.4005e-7	-1
29703	7.4305e-7	-1
29903	7.4805e-7	-1
30023	7.5105e-7	-1
30223	7.5605e-7	-1
30303	7.5805e-7	-1
30423	7.6105e-7	-1
30583	7.6505e-7	-1
30743	7.690500000000001e-7	-1
30903	7.730500000000001e-7	-1
31023	7.760500000000001e-7	-1
31103	7.7805e-7	-1
31183	7.800500000000001e-7	-1
31503	7.8805e-7	-1
31783	7.9505e-7	-1
32263	8.070500000000001e-7	-1
32543	8.140500000000001e-7	-1
32823	8.210500000000001e-7	-1
33023	8.2605e-7	-1
33103	8.280500000000001e-7	-1
33383	8.350500000000001e-7	-1
33503	8.380500000000001e-7	-1
33663	8.4205e-7	-1
33783	8.450500000000001e-7	-1
33983	8.5005e-7	-1
34063	8.520500000000001e-7	-1
34143	8.5405e-7	-1
34423	8.6105e-7	-1
34503	8.6305e-7	-1
34783	8.7005e-7	-1
34943	8.7405e-7	-1
35063	8.7705e-7	-1
35223	8.8105e-7	-1
35343	8.8405e-7	-1
35423	8.860500000000001e-7	-1
35543	8.8905e-7	-1
35743	8.9405e-7	-1
35863	8.970500000000001e-7	-1
36063	9.0205e-7	-1
36143	9.0405e-7	-1
36263	9.070500000000001e-7	-1
36423	9.1105e-7	-1
36583	9.1505e-7	-1
36743	9.1905e-7	-1
36863	9.2205e-7	-1
36943	9.240500000000001e-7	-1
37023	9.2605e-7	-1
37343	9.340500000000001e-7	-1
37623	9.410500000000001e-7	-1
37903	9.480500000000001e-7	-1
38103	9.5305e-7	-1
38183	9.5505e-7	-1
38463	9.6205e-7	-1
38583	9.6505e-7	-1
38743	9.6905e-7	-1
38863	9.7205e-7	-1
39063	9.7705e-7	-1
39143	9.7905e-7	-1
39223	9.810500000000001e-7	-1
39503	9.8805e-7	-1
39583	9.9005e-7	-1
39863	9.9705e-7	-1
40023	1.0010500000000001e-6	-1
40143	1.00405e-6	-1
40303	1.00805e-6	-1
40423	1.01105e-6	-1
40503	1.01305e-6	-1
40623	1.01605e-6	-1
40823	1.02105e-6	-1
40943	1.02405e-6	-1
41143	1.0290500000000001e-6	-1
41223	1.03105e-6	-1
41343	1.03405e-6	-1
41503	1.03805e-6	-1
41663	1.04205e-6	-1
41823	1.0460500000000001e-6	-1
41943	1.04905e-6	-1
42023	1.05105e-6	-1
42103	1.05305e-6	-1
42423	1.06105e-6	-1
42703	1.06805e-6	-1
42983	1.07505e-6	-1
43183	1.08005e-6	-1
43263	1.08205e-6	-1
43543	1.08905e-6	-1
43663	1.09205e-6	-1
43823	1.09605e-6	-1
43943	1.09905e-6	-1
44143	1.10405e-6	-1
44223	1.10605e-6	-1
44303	1.1080500000000001e-6	-1
44583	1.11505e-6	-1
44663	1.11705e-6	-1
44943	1.12405e-6	-1
45103	1.12805e-6	-1
45223	1.13105e-6	-1
45383	1.13505e-6	-1
45503	1.13805e-6	-1
45583	1.14005e-6	-1
45703	1.14305e-6	-1
45903	1.14805e-6	-1
46023	1.15105e-6	-1
46223	1.1560500000000001e-6	-1
46303	1.15805e-6	-1
46423	1.16105e-6	-1
46583	1.16505e-6	-1
46743	1.16905e-6	-1
46903	1.1730500000000001e-6	-1
47023	1.17605e-6	-1
47103	1.17805e-6	-1
47183	1.18005e-6	-1
47503	1.18805e-6	-1
47783	1.19505e-6	-1
48263	1.20705e-6	-1
48543	1.21405e-6	-1
48823	1.22105e-6	-1
49023	1.22605e-6	-1
49103	1.22805e-6	-1
49383	1.2350500000000001e-6	-1
49503	1.23805e-6	-1
49663	1.24205e-6	-1
49783	1.24505e-6	-1
49983	1.25005e-6	-1
50063	1.2520500000000002e-6	-1
50143	1.25405e-6	-1
50423	1.26105e-6	-1
50503	1.2630500000000001e-6	-1
50783	1.27005e-6	-1
50943	1.2740500000000001e-6	-1
51063	1.2770500000000001e-6	-1
51223	1.28105e-6	-1
51343	1.28405e-6	-1
51423	1.28605e-6	-1
51543	1.28905e-6	-1
51743	1.2940500000000001e-6	-1
51863	1.2970500000000001e-6	-1
52063	1.30205e-6	-1
52143	1.30405e-6	-1
52263	1.30705e-6	-1
52423	1.3110500000000001e-6	-1
52583	1.31505e-6	-1
52743	1.31905e-6	-1
52863	1.3220500000000001e-6	-1
52943	1.32405e-6	-1
53023	1.32605e-6	-1
53343	1.33405e-6	-1
53623	1.34105e-6	-1
53903	1.34805e-6	-1
54103	1.3530500000000001e-6	-1
54183	1.35505e-6	-1
54463	1.36205e-6	-1
54583	1.36505e-6	-1
54743	1.36905e-6	-1
54863	1.37205e-6	-1
55063	1.37705e-6	-1
55143	1.37905e-6	-1
55223	1.38105e-6	-1
55503	1.38805e-6	-1
55583	1.3900500000000001e-6	-1
55863	1.39705e-6	-1
56023	1.4010500000000001e-6	-1
56143	1.4040500000000001e-6	-1
56303	1.40805e-6	-1
56423	1.41105e-6	-1
56503	1.41305e-6	-1
56623	1.41605e-6	-1
56823	1.4210500000000001e-6	-1
56943	1.4240500000000002e-6	-1
57143	1.4290500000000001e-6	-1
57223	1.43105e-6	-1
57343	1.43405e-6	-1
57503	1.4380500000000001e-6	-1
57663	1.44205e-6	-1
57823	1.4460500000000001e-6	-1
57943	1.4490500000000001e-6	-1
58023	1.45105e-6	-1
58103	1.45305e-6	-1
58423	1.46105e-6	-1
58703	1.46805e-6	-1
58983	1.47505e-6	-1
59183	1.4800500000000001e-6	-1
59263	1.48205e-6	-1
59543	1.48905e-6	-1
59663	1.49205e-6	-1
59823	1.49605e-6	-1
59943	1.49905e-6	-1
60143	1.50405e-6	-1
60223	1.50605e-6	-1
60303	1.5080500000000001e-6	-1
60583	1.51505e-6	-1
60663	1.5170500000000002e-6	-1
60943	1.52405e-6	-1
61103	1.5280500000000001e-6	-1
61223	1.5310500000000001e-6	-1
61383	1.53505e-6	-1
61503	1.53805e-6	-1
61583	1.54005e-6	-1
61703	1.54305e-6	-1
61903	1.5480500000000002e-6	-1
62023	1.55105e-6	-1
62223	1.5560500000000001e-6	-1
62303	1.55805e-6	-1
62423	1.56105e-6	-1
62583	1.5650500000000002e-6	-1
62743	1.56905e-6	-1
62903	1.5730500000000001e-6	-1
63023	1.5760500000000001e-6	-1
63103	1.57805e-6	-1
63183	1.58005e-6	-1
63503	1.58805e-6	-1
63783	1.59505e-6	-1
64263	1.6070500000000001e-6	-1
64543	1.61405e-6	-1
64823	1.6210500000000001e-6	-1
65023	1.62605e-6	-1
65103	1.62805e-6	-1
65383	1.6350500000000001e-6	-1
65503	1.6380500000000001e-6	-1
65663	1.64205e-6	-1
65783	1.64505e-6	-1
65983	1.65005e-6	-1
66063	1.6520500000000001e-6	-1
66143	1.65405e-6	-1
66423	1.66105e-6	-1
66503	1.6630500000000001e-6	-1
66783	1.67005e-6	-1
66943	1.67405e-6	-1
67063	1.67705e-6	-1
67223	1.68105e-6	-1
67343	1.68405e-6	-1
67423	1.6860500000000001e-6	-1
67543	1.6890500000000002e-6	-1
67743	1.6940500000000001e-6	-1
67863	1.6970500000000001e-6	-1
68063	1.70205e-6	-1
68143	1.70405e-6	-1
68263	1.70705e-6	-1
68423	1.7110500000000001e-6	-1
68583	1.71505e-6	-1
68743	1.71905e-6	-1
68863	1.72205e-6	-1
68943	1.72405e-6	-1
69023	1.72605e-6	-1
69343	1.7340500000000002e-6	-1
69623	1.74105e-6	-1
69903	1.7480500000000001e-6	-1
70103	1.75305e-6	-1
70183	1.75505e-6	-1
70463	1.7620500000000001e-6	-1
70583	1.7650500000000002e-6	-1
70743	1.76905e-6	-1
70863	1.77205e-6	-1
71063	1.77705e-6	-1
71143	1.7790500000000001e-6	-1
71223	1.78105e-6	-1
71503	1.78805e-6	-1
71583	1.7900500000000001e-6	-1
71863	1.79705e-6	-1
72023	1.80105e-6	-1
72143	1.8040500000000001e-6	-1
72303	1.80805e-6	-1
72423	1.81105e-6	-1
72503	1.8130500000000002e-6	-1
72623	1.8160500000000002e-6	-1
72823	1.8210500000000001e-6	-1
72943	1.8240500000000001e-6	-1
73143	1.82905e-6	-1
73223	1.83105e-6	-1
73343	1.83405e-6	-1
73503	1.8380500000000001e-6	-1
73663	1.84205e-6	-1
73823	1.84605e-6	-1
73943	1.8490500000000001e-6	-1
74023	1.85105e-6	-1
74103	1.85305e-6	-1
74423	1.8610500000000002e-6	-1
74703	1.86805e-6	-1
74983	1.8750500000000002e-6	-1
75183	1.8800500000000001e-6	-1
75263	1.88205e-6	-1
75543	1.8890500000000002e-6	-1
75663	1.8920500000000002e-6	-1
75823	1.89605e-6	-1
75943	1.89905e-6	-1
76143	1.90405e-6	-1
76223	1.9060500000000002e-6	-1
76303	1.90805e-6	-1
76583	1.91505e-6	-1
76663	1.91705e-6	-1
76943	1.9240500000000002e-6	-1
77103	1.92805e-6	-1
77223	1.93105e-6	-1
77383	1.9350500000000002e-6	-1
77503	1.93805e-6	-1
77583	1.94005e-6	-1
77703	1.94305e-6	-1
77903	1.94805e-6	-1
78023	1.95105e-6	-1
78223	1.95605e-6	-1
78303	1.9580500000000003e-6	-1
78423	1.96105e-6	-1
78583	1.96505e-6	-1
78743	1.9690500000000002e-6	-1
78903	1.97305e-6	-1
79023	1.97605e-6	-1
79103	1.97805e-6	-1
79183	1.98005e-6	-1
79503	1.98805e-6	-1
79783	1.99505e-6	-1
80263	2.00705e-6	-1
80543	2.0140500000000002e-6	-1
80823	2.02105e-6	-1
81023	2.0260500000000003e-6	-1
81103	2.02805e-6	-1
81383	2.03505e-6	-1
81503	2.03805e-6	-1
81663	2.04205e-6	-1
81783	2.04505e-6	-1
81983	2.05005e-6	-1
82063	2.05205e-6	-1
82143	2.0540500000000003e-6	-1
82423	2.06105e-6	-1
82503	2.06305e-6	-1
82783	2.07005e-6	-1
82943	2.07405e-6	-1
83063	2.07705e-6	-1
83223	2.08105e-6	-1
83343	2.08405e-6	-1
83423	2.08605e-6	-1
83543	2.08905e-6	-1
83743	2.09405e-6	-1
83863	2.09705e-6	-1
84063	2.10205e-6	-1
84143	2.10405e-6	-1
84263	2.10705e-6	-1
84423	2.11105e-6	-1
84583	2.11505e-6	-1
84743	2.11905e-6	-1
84863	2.12205e-6	-1
84943	2.12405e-6	-1
85023	2.12605e-6	-1
85343	2.13405e-6	-1
85623	2.14105e-6	-1
85903	2.14805e-6	-1
86103	2.15305e-6	-1
86183	2.1550500000000002e-6	-1
86463	2.16205e-6	-1
86583	2.16505e-6	-1
86743	2.16905e-6	-1
86863	2.1720500000000002e-6	-1
87063	2.17705e-6	-1
87143	2.17905e-6	-1
87223	2.18105e-6	-1
87503	2.18805e-6	-1
87583	2.19005e-6	-1
87863	2.19705e-6	-1
88023	2.20105e-6	-1
88143	2.20405e-6	-1
88303	2.20805e-6	-1
88423	2.21105e-6	-1
88503	2.21305e-6	-1
88623	2.21605e-6	-1
88823	2.22105e-6	-1
88943	2.22405e-6	-1
89143	2.2290500000000003e-6	-1
89223	2.23105e-6	-1
89343	2.2340500000000002e-6	-1
89503	2.23805e-6	-1
89663	2.24205e-6	-1
89823	2.2460500000000003e-6	-1
89943	2.24905e-6	-1
90023	2.2510500000000002e-6	-1
90103	2.25305e-6	-1
90423	2.26105e-6	-1
90703	2.2680500000000002e-6	-1
90983	2.27505e-6	-1
91183	2.28005e-6	-1
91263	2.28205e-6	-1
91543	2.28905e-6	-1
91663	2.29205e-6	-1
91823	2.2960500000000002e-6	-1
91943	2.29905e-6	-1
92143	2.30405e-6	-1
92223	2.30605e-6	-1
92303	2.3080500000000003e-6	-1
92583	2.31505e-6	-1
92663	2.31705e-6	-1
92943	2.3240500000000002e-6	-1
93103	2.32805e-6	-1
93223	2.33105e-6	-1
93383	2.33505e-6	-1
93503	2.33805e-6	-1
93583	2.34005e-6	-1
93703	2.34305e-6	-1
93903	2.34805e-6	-1
94023	2.35105e-6	-1
94223	2.35605e-6	-1
94303	2.3580500000000002e-6	-1
94423	2.36105e-6	-1
94583	2.36505e-6	-1
94743	2.3690500000000002e-6	-1
94903	2.37305e-6	-1
95023	2.37605e-6	-1
95103	2.37805e-6	-1
95183	2.38005e-6	-1
95503	2.38805e-6	-1
95783	2.39505e-6	-1
96263	2.40705e-6	-1
96543	2.41405e-6	-1
96823	2.42105e-6	-1
97023	2.4260500000000003e-6	-1
97103	2.42805e-6	-1
97383	2.43505e-6	-1
97503	2.43805e-6	-1
97663	2.44205e-6	-1
97783	2.44505e-6	-1
97983	2.45005e-6	-1
98063	2.45205e-6	-1
98143	2.4540500000000002e-6	-1
98423	2.46105e-6	-1
98503	2.46305e-6	-1
98783	2.47005e-6	-1
98943	2.47405e-6	-1
99063	2.4770500000000003e-6	-1
99223	2.48105e-6	-1
99343	2.48405e-6	-1
99423	2.48605e-6	-1
99543	2.48905e-6	-1
99743	2.4940500000000003e-6	-1
99863	2.49705e-6	-1
100063	2.50205e-6	-1
100143	2.50405e-6	-1
100263	2.50705e-6	-1
100423	2.5110500000000003e-6	-1
100583	2.51505e-6	-1
100743	2.51905e-6	-1
100863	2.5220500000000003e-6	-1
100943	2.52405e-6	-1
101023	2.52605e-6	-1
101343	2.53405e-6	-1
101623	2.54105e-6	-1
101903	2.54805e-6	-1
102103	2.55305e-6	-1
102183	2.55505e-6	-1
102463	2.56205e-6	-1
102583	2.56505e-6	-1
102743	2.56905e-6	-1
102863	2.5720500000000002e-6	-1
103063	2.57705e-6	-1
103143	2.57905e-6	-1
103223	2.58105e-6	-1
103503	2.58805e-6	-1
103583	2.5900500000000003e-6	-1
103863	2.59705e-6	-1
104023	2.6010500000000003e-6	-1
104143	2.60405e-6	-1
104303	2.60805e-6	-1
104423	2.61105e-6	-1
104503	2.61305e-6	-1
104623	2.61605e-6	-1
104823	2.62105e-6	-1
104943	2.62405e-6	-1
105143	2.6290500000000003e-6	-1
105223	2.63105e-6	-1
105343	2.6340500000000002e-6	-1
105503	2.63805e-6	-1
105663	2.64205e-6	-1
105823	2.6460500000000003e-6	-1
105943	2.64905e-6	-1
106023	2.6510500000000002e-6	-1
106103	2.65305e-6	-1
106423	2.66105e-6	-1
106703	2.6680500000000002e-6	-1
106983	2.67505e-6	-1
107183	2.6800500000000003e-6	-1
107263	2.68205e-6	-1
107543	2.68905e-6	-1
107663	2.69205e-6	-1
107823	2.6960500000000002e-6	-1
107943	2.69905e-6	-1
108143	2.70405e-6	-1
108223	2.70605e-6	-1
108303	2.7080500000000003e-6	-1
108583	2.71505e-6	-1
108663	2.71705e-6	-1
108943	2.72405e-6	-1
109103	2.72805e-6	-1
109223	2.7310500000000003e-6	-1
109383	2.73505e-6	-1
109503	2.73805e-6	-1
109583	2.74005e-6	-1
109703	2.74305e-6	-1
109903	2.7480500000000003e-6	-1
110023	2.75105e-6	-1
110223	2.75605e-6	-1
110303	2.7580500000000002e-6	-1
110423	2.76105e-6	-1
110583	2.76505e-6	-1
110743	2.76905e-6	-1
110903	2.77305e-6	-1
111023	2.7760500000000003e-6	-1
111103	2.77805e-6	-1
111183	2.78005e-6	-1
111503	2.78805e-6	-1
111783	2.79505e-6	-1
112263	2.80705e-6	-1
112543	2.81405e-6	-1
112823	2.8210500000000003e-6	-1
113023	2.8260500000000002e-6	-1
113103	2.82805e-6	-1
113383	2.83505e-6	-1
113503	2.8380500000000003e-6	-1
113663	2.84205e-6	-1
113783	2.84505e-6	-1
113983	2.85005e-6	-1
114063	2.85205e-6	-1
114143	2.8540500000000002e-6	-1
114423	2.86105e-6	-1
114503	2.86305e-6	-1
114783	2.87005e-6	-1
114943	2.87405e-6	-1
115063	2.8770500000000003e-6	-1
115223	2.88105e-6	-1
115343	2.88405e-6	-1
115423	2.88605e-6	-1
115543	2.8890500000000003e-6	-1
115743	2.8940500000000003e-6	-1
115863	2.89705e-6	-1
116063	2.90205e-6	-1
116143	2.90405e-6	-1
116263	2.90705e-6	-1
116423	2.9110500000000003e-6	-1
116583	2.91505e-6	-1
116743	2.91905e-6	-1
116863	2.9220500000000003e-6	-1
116943	2.92405e-6	-1
117023	2.92605e-6	-1
117343	2.9340500000000003e-6	-1
117623	2.94105e-6	-1
117903	2.94805e-6	-1
118103	2.95305e-6	-1
118183	2.95505e-6	-1
118463	2.9620500000000003e-6	-1
118583	2.96505e-6	-1
118743	2.96905e-6	-1
118863	2.97205e-6	-1
119063	2.97705e-6	-1
119143	2.9790500000000003e-6	-1
119223	2.98105e-6	-1
119503	2.98805e-6	-1
119583	2.9900500000000003e-6	-1
119863	2.99705e-6	-1
120023	3.0010500000000003e-6	-1
120143	3.00405e-6	-1
120303	3.00805e-6	-1
120423	3.01105e-6	-1
120503	3.0130500000000003e-6	-1
120623	3.01605e-6	-1
120823	3.02105e-6	-1
120943	3.0240500000000003e-6	-1
121143	3.0290500000000002e-6	-1
121223	3.03105e-6	-1
121343	3.03405e-6	-1
121503	3.03805e-6	-1
121663	3.04205e-6	-1
121823	3.0460500000000003e-6	-1
121943	3.04905e-6	-1
122023	3.05105e-6	-1
122103	3.05305e-6	-1
122423	3.06105e-6	-1
122703	3.0680500000000002e-6	-1
122983	3.0750500000000003e-6	-1
123183	3.0800500000000003e-6	-1
123263	3.08205e-6	-1
123543	3.08905e-6	-1
123663	3.0920500000000003e-6	-1
123823	3.09605e-6	-1
123943	3.09905e-6	-1
124143	3.10405e-6	-1
124223	3.10605e-6	-1
124303	3.1080500000000003e-6	-1
124583	3.11505e-6	-1
124663	3.11705e-6	-1
124943	3.12405e-6	-1
125103	3.12805e-6	-1
125223	3.1310500000000003e-6	-1
125383	3.13505e-6	-1
125503	3.13805e-6	-1
125583	3.14005e-6	-1
125703	3.14305e-6	-1
125903	3.1480500000000003e-6	-1
126023	3.15105e-6	-1
126223	3.15605e-6	-1
126303	3.15805e-6	-1
126423	3.16105e-6	-1
126583	3.1650500000000003e-6	-1
126743	3.16905e-6	-1
126903	3.17305e-6	-1
127023	3.1760500000000003e-6	-1
127103	3.17805e-6	-1
127183	3.18005e-6	-1
127503	3.18805e-6	-1
127783	3.19505e-6	-1
128263	3.20705e-6	-1
128543	3.21405e-6	-1
128823	3.2210500000000003e-6	-1
129023	3.2260500000000002e-6	-1
129103	3.22805e-6	-1
129383	3.23505e-6	-1
129503	3.2380500000000003e-6	-1
129663	3.24205e-6	-1
129783	3.24505e-6	-1
129983	3.25005e-6	-1
130063	3.25205e-6	-1
130143	3.25405e-6	-1
130423	3.2610500000000003e-6	-1
130503	3.26305e-6	-1
130783	3.27005e-6	-1
130943	3.27405e-6	-1
131063	3.2770500000000002e-6	-1
131223	3.28105e-6	-1
131343	3.28405e-6	-1
131423	3.28605e-6	-1
131543	3.2890500000000003e-6	-1
131743	3.2940500000000003e-6	-1
131863	3.29705e-6	-1
132063	3.30205e-6	-1
132143	3.30405e-6	-1
132263	3.30705e-6	-1
132423	3.3110500000000003e-6	-1
132583	3.31505e-6	-1
132743	3.31905e-6	-1
132863	3.3220500000000002e-6	-1
132943	3.32405e-6	-1
133023	3.32605e-6	-1
133343	3.3340500000000003e-6	-1
133623	3.34105e-6	-1
133903	3.34805e-6	-1
134103	3.35305e-6	-1
134183	3.35505e-6	-1
134463	3.3620500000000003e-6	-1
134583	3.36505e-6	-1
134743	3.36905e-6	-1
134863	3.37205e-6	-1
135063	3.37705e-6	-1
135143	3.3790500000000003e-6	-1
135223	3.38105e-6	-1
135503	3.38805e-6	-1
135583	3.3900500000000003e-6	-1
135863	3.39705e-6	-1
136023	3.4010500000000002e-6	-1
136143	3.40405e-6	-1
136303	3.40805e-6	-1
136423	3.41105e-6	-1
136503	3.4130500000000003e-6	-1
136623	3.41605e-6	-1
136823	3.42105e-6	-1
136943	3.4240500000000003e-6	-1
137143	3.4290500000000002e-6	-1
137223	3.43105e-6	-1
137343	3.43405e-6	-1
137503	3.43805e-6	-1
137663	3.44205e-6	-1
137823	3.4460500000000002e-6	-1
137943	3.44905e-6	-1
138023	3.45105e-6	-1
138103	3.45305e-6	-1
138423	3.46105e-6	-1
138703	3.46805e-6	-1
138983	3.4750500000000003e-6	-1
139183	3.4800500000000002e-6	-1
139263	3.48205e-6	-1
139543	3.48905e-6	-1
139663	3.4920500000000003e-6	-1
139823	3.49605e-6	-1
139943	3.49905e-6	-1
140143	3.50405e-6	-1
140223	3.50605e-6	-1
140303	3.5080500000000002e-6	-1
140583	3.5150500000000003e-6	-1
140663	3.51705e-6	-1
140943	3.52405e-6	-1
141103	3.52805e-6	-1
141223	3.5310500000000003e-6	-1
141383	3.53505e-6	-1
141503	3.53805e-6	-1
141583	3.54005e-6	-1
141703	3.5430500000000003e-6	-1
141903	3.5480500000000003e-6	-1
142023	3.55105e-6	-1
142223	3.55605e-6	-1
142303	3.55805e-6	-1
142423	3.56105e-6	-1
142583	3.5650500000000003e-6	-1
142743	3.56905e-6	-1
142903	3.57305e-6	-1
143023	3.5760500000000003e-6	-1
143103	3.57805e-6	-1
143183	3.58005e-6	-1
143503	3.5880500000000003e-6	-1
143783	3.59505e-6	-1
144263	3.60705e-6	-1
144543	3.61405e-6	-1
144823	3.6210500000000003e-6	-1
145023	3.62605e-6	-1
145103	3.62805e-6	-1
145383	3.63505e-6	-1
145503	3.6380500000000003e-6	-1
145663	3.64205e-6	-1
145783	3.64505e-6	-1
145983	3.6500500000000003e-6	-1
146063	3.65205e-6	-1
146143	3.65405e-6	-1
146423	3.6610500000000003e-6	-1
146503	3.66305e-6	-1
146783	3.67005e-6	-1
146943	3.67405e-6	-1
147063	3.6770500000000002e-6	-1
147223	3.68105e-6	-1
147343	3.6840500000000003e-6	-1
147423	3.68605e-6	-1
147543	3.6890500000000003e-6	-1
147743	3.6940500000000002e-6	-1
147863	3.69705e-6	-1
148063	3.70205e-6	-1
148143	3.70405e-6	-1
148263	3.70705e-6	-1
148423	3.7110500000000002e-6	-1
148583	3.71505e-6	-1
148743	3.71905e-6	-1
148863	3.7220500000000002e-6	-1
148943	3.72405e-6	-1
149023	3.72605e-6	-1
149343	3.7340500000000003e-6	-1
149623	3.74105e-6	-1
149903	3.74805e-6	-1
150103	3.75305e-6	-1
150183	3.75505e-6	-1
150463	3.7620500000000003e-6	-1
150583	3.76505e-6	-1
150743	3.76905e-6	-1
150863	3.77205e-6	-1
151063	3.77705e-6	-1
151143	3.7790500000000003e-6	-1
151223	3.78105e-6	-1
151503	3.78805e-6	-1
151583	3.7900500000000002e-6	-1
151863	3.7970500000000003e-6	-1
152023	3.8010500000000002e-6	-1
152143	3.80405e-6	-1
152303	3.8080500000000003e-6	-1
152423	3.81105e-6	-1
152503	3.8130500000000003e-6	-1
152623	3.8160500000000005e-6	-1
152823	3.8210500000000005e-6	-1
152943	3.82405e-6	-1
153143	3.82905e-6	-1
153223	3.83105e-6	-1
153343	3.83405e-6	-1
153503	3.8380500000000005e-6	-1
153663	3.84205e-6	-1
153823	3.84605e-6	-1
153943	3.84905e-6	-1
154023	3.85105e-6	-1
154103	3.85305e-6	-1
154423	3.86105e-6	-1
154703	3.86805e-6	-1
154983	3.87505e-6	-1
155183	3.88005e-6	-1
155263	3.88205e-6	-1
155543	3.8890500000000005e-6	-1
155663	3.89205e-6	-1
155823	3.89605e-6	-1
155943	3.89905e-6	-1
156143	3.90405e-6	-1
156223	3.9060500000000005e-6	-1
156303	3.90805e-6	-1
156583	3.91505e-6	-1
156663	3.91705e-6	-1
156943	3.92405e-6	-1
157103	3.9280500000000004e-6	-1
157223	3.93105e-6	-1
157383	3.9350500000000006e-6	-1
157503	3.93805e-6	-1
157583	3.9400500000000005e-6	-1
157703	3.94305e-6	-1
157903	3.94805e-6	-1
158023	3.95105e-6	-1
158223	3.95605e-6	-1
158303	3.95805e-6	-1
158423	3.96105e-6	-1
158583	3.96505e-6	-1
158743	3.9690500000000006e-6	-1
158903	3.97305e-6	-1
159023	3.97605e-6	-1
159103	3.97805e-6	-1
159183	3.98005e-6	-1
159503	3.98805e-6	-1
159783	3.99505e-6	-1
