i	S	V
503	1.3059440541921941e-8	0
743	1.9059216549383553e-8	0
983	2.5059634651438885e-8	0
1063	2.7059393941516376e-8	0
1223	3.105921594659516e-8	0
1463	3.7058727307709444e-8	0
1623	4.105886375472649e-8	0
1703	4.305864272013798e-8	0
1863	4.705916548521354e-8	0
2023	5.105971516816763e-8	0
2103	5.3059363570844824e-8	0
2223	5.6058945318365345e-8	0
2463	6.205975188654719e-8	0
2663	6.705910724910921e-8	0
2903	7.305868357946077e-8	0
3023	7.605965704485142e-8	0
3143	7.905954590263683e-8	0
3263	8.205911765890645e-8	0
3383	8.505985832516847e-8	0
3463	8.705963138764735e-8	0
3583	9.00596691042694e-8	0
3783	9.505867601667969e-8	0
3983	1.0005970643470925e-7	0
4103	1.0305949361286608e-7	0
4223	1.0605876487452784e-7	0
4303	1.0805954607324977e-7	0
4463	1.1205914754052034e-7	0
4663	1.170591315781031e-7	0
4823	1.2105899215902032e-7	0
4903	1.2305882360191134e-7	0
4983	1.2505932310496132e-7	0
5063	1.2705897977894262e-7	0
5583	1.4005977861793474e-7	0
5823	1.460587746881898e-7	0
6063	1.5205885356564373e-7	0
6143	1.5405877172356623e-7	0
6303	1.5805941387637347e-7	0
6543	1.6405859790999555e-7	0
6703	1.6805919811688934e-7	0
6783	1.7005985205758571e-7	0
6943	1.740598083929239e-7	0
7103	1.7805918575590772e-7	0
7183	1.8005969106992887e-7	0
7303	1.8305952789434173e-7	0
7543	1.8905924665173268e-7	0
7743	1.9405901623790184e-7	0
7983	2.0005945458422145e-7	0
8103	2.030592066011378e-7	0
8223	2.0605995744680782e-7	0
8343	2.0905928025353433e-7	0
8463	2.1205955530911169e-7	0
8543	2.1405904393494742e-7	0
8663	2.1705951920917867e-7	0
8863	2.220588206243254e-7	0
9063	2.270585007668197e-7	0
9183	2.3005959970644553e-7	0
9303	2.33058861596105e-7	0
9383	2.3505946609163391e-7	0
9543	2.3905852459462784e-7	0
9743	2.440587085539976e-7	0
9903	2.4805950886678287e-7	0
9983	2.5005943222501807e-7	0
10063	2.5205999523308634e-7	0
10143	2.5405888355689866e-7	0
10663	2.670594145384785e-7	0
10903	2.7305944320602094e-7	0
11143	2.790599950908452e-7	0
11223	2.810599954950595e-7	0
11383	2.850592479960717e-7	0
11623	2.9105895343149084e-7	0
11783	2.9505867732367216e-7	0
11863	2.970593553088805e-7	0
12023	3.0105972092958913e-7	0
12183	3.0505940876228257e-7	0
12263	3.070589479953094e-7	0
12383	3.100594027490056e-7	0
12623	3.1605959368551344e-7	0
12823	3.210594593672674e-7	0
13063	3.270593885059772e-7	0
13183	3.3005937835275767e-7	0
13303	3.330590518839496e-7	0
13423	3.3605983555395027e-7	0
13543	3.3905834887095015e-7	0
13623	3.410589044820133e-7	0
13743	3.440593929147769e-7	0
13943	3.490593760812351e-7	0
14143	3.540595289515111e-7	0
14263	3.570592210344076e-7	0
14383	3.6005957701295485e-7	0
14463	3.620597251845575e-7	0
14623	3.660596493688259e-7	0
14823	3.7105919482232556e-7	0
14983	3.7506005003219614e-7	0
15063	3.7705942917569434e-7	0
15143	3.790590955998336e-7	0
15223	3.8105962945105937e-7	0
15743	3.9405921526061444e-7	0
15983	4.000592468106065e-7	0
16503	4.13059721572709e-7	0
16743	4.190601444462205e-7	0
16983	4.250592033859962e-7	0
17063	4.270593149004418e-7	0
17223	4.310592963937039e-7	0
17463	4.370601449608545e-7	0
17623	4.410592811964276e-7	0
17703	4.4305917042683203e-7	0
17863	4.4705974511102824e-7	0
18023	4.510600005634722e-7	0
18103	4.5305957145985783e-7	0
18223	4.5605953744013106e-7	0
18463	4.6205902336661275e-7	0
18663	4.6705940502981573e-7	0
18903	4.7305976081989857e-7	0
19023	4.760592781347785e-7	0
19143	4.790591246670877e-7	0
19263	4.820592898018734e-7	0
19383	4.850592245747154e-7	0
19463	4.870588561461827e-7	0
19583	4.900588483805096e-7	0
19783	4.950593262577696e-7	0
19983	5.000593337320301e-7	0
20103	5.030592620610229e-7	0
20223	5.060592218964066e-7	0
20303	5.080594126053256e-7	0
20463	5.120589214531193e-7	0
20663	5.170595295485409e-7	0
20823	5.210598163648747e-7	0
20903	5.230596525469267e-7	0
20983	5.250593687116549e-7	0
21063	5.270595998043765e-7	0
21583	5.400590925160768e-7	0
21823	5.460589011506353e-7	0
22063	5.520585846880055e-7	0
22143	5.540590226922726e-7	0
22303	5.58058897889063e-7	0
22543	5.640594631850694e-7	0
22703	5.680591835062247e-7	0
22783	5.700595019806842e-7	0
22943	5.740592553233207e-7	0
23103	5.780597377176996e-7	0
23183	5.800591147035932e-7	0
23303	5.830592422182714e-7	0
23543	5.890594843840018e-7	0
23743	5.940594826488994e-7	0
23983	6.000588331656639e-7	0
24103	6.030593160279429e-7	0
24223	6.060591894311231e-7	0
24343	6.090599038426676e-7	0
24463	6.120583074228276e-7	0
24543	6.1405911710824e-7	0
24663	6.170585196732172e-7	0
24863	6.220597244607141e-7	0
25063	6.270590411406144e-7	0
25183	6.300600318783212e-7	0
25303	6.330590933387164e-7	0
25383	6.350593721546933e-7	0
25543	6.390587130158956e-7	0
25743	6.440594746095135e-7	0
25903	6.480596024379592e-7	0
25983	6.500596110701306e-7	0
26063	6.520593350568353e-7	0
26143	6.540587587705746e-7	0
26663	6.670594362165237e-7	0
26903	6.730592096513424e-7	0
27143	6.790593565654206e-7	0
27223	6.810600232299158e-7	0
27383	6.850586786438257e-7	0
27623	6.910580303332536e-7	0
27783	6.950594400544561e-7	0
27863	6.970596179844966e-7	0
28023	7.010583778289964e-7	0
28183	7.050592775381989e-7	0
28263	7.070591784870313e-7	0
28383	7.100596791497932e-7	0
28623	7.160593397990255e-7	0
28823	7.21059519308541e-7	0
29063	7.270593057828129e-7	0
29183	7.300588040274563e-7	0
29303	7.330595940645242e-7	0
29423	7.360587774790896e-7	0
29543	7.390597581298454e-7	0
29623	7.41059941651948e-7	0
29743	7.440592617961357e-7	0
29943	7.490593651172853e-7	0
30143	7.540592428497686e-7	0
30263	7.57060461690113e-7	0
30383	7.600596625852485e-7	0
30463	7.620590055888855e-7	0
30623	7.66059618001842e-7	0
30823	7.710594130114605e-7	0
30983	7.750588479414197e-7	0
31063	7.770602642887935e-7	0
31143	7.790592654389879e-7	0
31223	7.810590947498191e-7	0
31743	7.940594552470962e-7	0
31983	8.000593701334884e-7	0
32503	8.130601068670445e-7	0
32743	8.190587008604954e-7	0
32983	8.250587780750987e-7	0
33063	8.270589724859155e-7	0
33223	8.310597163225565e-7	0
33463	8.370586613487479e-7	0
33623	8.410591939318211e-7	0
33703	8.43059341256841e-7	0
33863	8.470590984927537e-7	0
34023	8.510594039574027e-7	0
34103	8.530589319760483e-7	0
34223	8.560585127520364e-7	0
34463	8.620590082901784e-7	0
34663	8.670595015195715e-7	0
34903	8.730594064698788e-7	0
35023	8.76058862221122e-7	0
35143	8.790597072198583e-7	0
35263	8.820591299480843e-7	0
35383	8.850588491166181e-7	0
35463	8.870594858377054e-7	0
35583	8.900587544795936e-7	0
35783	8.95058769349688e-7	0
35983	9.000590664560401e-7	0
36103	9.030598574438817e-7	0
36223	9.060599308224405e-7	0
36303	9.080597908927702e-7	0
36463	9.120589745198909e-7	0
36663	9.17058995897783e-7	0
36823	9.210587169385534e-7	0
36903	9.230592567441541e-7	0
36983	9.250593639845552e-7	0
37063	9.270590312719285e-7	0
37583	9.400589253764728e-7	0
37823	9.460592003947267e-7	0
38063	9.520590881043669e-7	0
38143	9.540592554458405e-7	0
38303	9.580596932505657e-7	0
38543	9.640592539700138e-7	0
38703	9.680582792763933e-7	0
38783	9.70059846395161e-7	0
38943	9.740593743363317e-7	0
39103	9.78059664658492e-7	0
39183	9.800594574766097e-7	0
39303	9.830591348737142e-7	0
39543	9.890594256621581e-7	0
39743	9.940593289358208e-7	0
39983	1.0000589638175256e-6	0
40103	1.003058947663398e-6	0
40223	1.0060592095262988e-6	0
40343	1.0090587077177239e-6	0
40463	1.0120599974144664e-6	0
40543	1.0140587794879188e-6	0
40663	1.0170593986258045e-6	0
40863	1.0220590048533335e-6	0
41063	1.0270591157061675e-6	0
41183	1.0300596173775535e-6	0
41303	1.0330595833800683e-6	0
41383	1.0350598780981745e-6	0
41543	1.039059123512479e-6	0
41743	1.0440595370338093e-6	0
41903	1.0480592467871642e-6	0
41983	1.0500591993098737e-6	0
42063	1.0520588489913583e-6	0
42143	1.0540589993225368e-6	0
42663	1.0670588285741145e-6	0
42903	1.0730596735533318e-6	0
43143	1.0790584309810987e-6	0
43223	1.0810593927050217e-6	0
43383	1.0850586425139994e-6	0
43623	1.091059600042835e-6	0
43783	1.095059683498564e-6	0
43863	1.0970590416494126e-6	0
44023	1.1010595480121112e-6	0
44183	1.1050596119920178e-6	0
44263	1.1070596700566855e-6	0
44383	1.1100590179221587e-6	0
44623	1.1160598401992524e-6	0
44823	1.1210594742561092e-6	0
45063	1.1270598228517923e-6	0
45183	1.1300593146819128e-6	0
45303	1.1330584366085644e-6	0
45423	1.1360592051850517e-6	0
45543	1.139059148960705e-6	0
45623	1.1410595131353643e-6	0
45743	1.1440588067228482e-6	0
45943	1.1490596417704825e-6	0
46143	1.1540596307221117e-6	0
46263	1.157059237525365e-6	0
46383	1.1600588062035858e-6	0
46463	1.1620595100280566e-6	0
46623	1.1660590915698582e-6	0
46823	1.1710589848926005e-6	0
46983	1.1750598875012483e-6	0
47063	1.1770592958492377e-6	0
47143	1.1790596602912282e-6	0
47223	1.1810591260627882e-6	0
47743	1.1940589665159262e-6	0
47983	1.2000591589191206e-6	0
48503	1.2130591497834903e-6	0
48743	1.2190599346961646e-6	0
48983	1.2250589868521084e-6	0
49063	1.227059865133201e-6	0
49223	1.2310584406714443e-6	0
49463	1.2370596367242107e-6	0
49623	1.2410585673794504e-6	0
49703	1.2430593683739341e-6	0
49863	1.2470592445843473e-6	0
50023	1.2510590441978197e-6	0
50103	1.2530591114185356e-6	0
50223	1.2560590676719038e-6	0
50463	1.2620587395970605e-6	0
50663	1.267059088618826e-6	0
50903	1.2730590084255312e-6	0
51023	1.2760592437224782e-6	0
51143	1.2790587003340205e-6	0
51263	1.2820589741595478e-6	0
51383	1.2850591393123814e-6	0
51463	1.2870595163284548e-6	0
51583	1.2900587852847698e-6	0
51783	1.29505949714476e-6	0
51983	1.3000594889881756e-6	0
52103	1.3030595242632521e-6	0
52223	1.3060593071114202e-6	0
52303	1.3080591763640304e-6	0
52463	1.3120595714548966e-6	0
52663	1.3170597637154622e-6	0
52823	1.3210591142604047e-6	0
52903	1.3230591431116686e-6	0
52983	1.3250584085143198e-6	0
53063	1.3270583561473595e-6	0
53583	1.340059349790022e-6	0
53823	1.3460594807302933e-6	0
54063	1.3520590045715673e-6	0
54143	1.3540592122281627e-6	0
54303	1.3580594171240243e-6	0
54543	1.3640591653365651e-6	0
54703	1.368059806808012e-6	0
54783	1.370058762088125e-6	0
54943	1.374059195547531e-6	0
55103	1.37805861117446e-6	0
55183	1.3800594307045967e-6	0
55303	1.3830585086622588e-6	0
55543	1.389059649366106e-6	0
55743	1.394059454579728e-6	0
55983	1.4000593968441435e-6	0
56103	1.4030597004181085e-6	0
56223	1.406059889498267e-6	0
56343	1.4090587821201861e-6	0
56463	1.4120601094303535e-6	0
56543	1.4140595753506712e-6	0
56663	1.4170591698798118e-6	0
56863	1.4220595880509374e-6	0
57063	1.4270592619973603e-6	0
57183	1.430059112345539e-6	0
57303	1.4330598490451456e-6	0
57383	1.4350588086979735e-6	0
57543	1.43905943418577e-6	0
57743	1.4440588766915424e-6	0
57903	1.4480595463858849e-6	0
57983	1.4500592956090226e-6	0
58063	1.4520594628718912e-6	0
58143	1.4540599803838227e-6	0
58663	1.4670593114541287e-6	0
58903	1.473060299352867e-6	0
59143	1.4790597374243408e-6	0
59223	1.4810595839709885e-6	0
59383	1.485059410203195e-6	0
59623	1.4910586676342743e-6	0
59783	1.495058824398354e-6	0
59863	1.4970596207597842e-6	0
60023	1.5010595559762347e-6	0
60183	1.5050586472682282e-06	0
60263	1.5070590633789604e-6	0
60383	1.510059266536378e-6	0
60623	1.516059550118906e-6	0
60823	1.521058728494255e-6	0
61063	1.5270590838347028e-6	0
61183	1.5300583884778143e-6	0
61303	1.533059119500703e-6	0
61423	1.5360588452634369e-6	0
61543	1.53905915278842e-6	0
61623	1.541058603402264e-6	0
61743	1.5440590442132302e-6	0
61943	1.5490597119887674e-6	0
62143	1.554059749337666e-6	0
62263	1.5570594236025055e-6	0
62383	1.5600596245927653e-6	0
62463	1.5620595653944e-6	0
62623	1.5660598100958166e-6	0
62823	1.571059651268565e-6	0
62983	1.575059342342443e-6	0
63063	1.5770593535270486e-6	0
63143	1.5790587566472608e-6	0
63223	1.5810598939892685e-6	0
63743	1.5940599937260872e-6	0
63983	1.6000598171914216e-6	0
64503	1.613059307873704e-6	0
64743	1.6190590704215622e-6	0
64983	1.6250597900690365e-6	0
65063	1.627059118527556e-6	0
65223	1.6310592942042748e-6	0
65463	1.6370596873001291e-6	0
65623	1.6410586466383483e-6	0
65703	1.6430588724219097e-6	0
65863	1.6470589470512223e-6	0
66023	1.6510585995418432e-6	0
66103	1.6530589758324081e-6	0
66223	1.656060044410001e-6	0
66463	1.6620592046943482e-6	0
66663	1.6670586787551992e-6	0
66903	1.6730597270144248e-6	0
67023	1.6760597299811135e-6	0
67143	1.6790595751145088e-6	0
67263	1.6820593340568135e-6	0
67383	1.6850597851149374e-6	0
67463	1.687058883025122e-6	0
67583	1.690059178601025e-6	0
67783	1.6950597894682521e-6	0
67983	1.7000588461169852e-6	0
68103	1.7030589830658338e-6	0
68223	1.7060587528014055e-06	0
68303	1.7080590034362114e-6	0
68463	1.7120586774824454e-6	0
68663	1.7170591301997537e-6	0
68823	1.7210596549042957e-6	0
68903	1.7230592498016897e-6	0
68983	1.725059149125178e-6	0
69063	1.7270591897130669e-6	0
69583	1.740059872770522e-6	0
69823	1.7460597285377926e-6	0
70063	1.7520595894271974e-6	0
70143	1.7540590358152813e-6	0
70303	1.7580595492563652e-6	0
70543	1.7640593001532496e-6	0
70703	1.7680591395587558e-6	0
70783	1.770059735560622e-6	0
70943	1.7740598128912474e-6	0
71103	1.7780594313307959e-6	0
71183	1.78005926727604e-6	0
71303	1.783058970519103e-6	0
71543	1.7890590139223257e-6	0
71743	1.7940598351710837e-6	0
71983	1.800059343545333e-6	0
72103	1.8030591861161616e-6	0
72223	1.8060596634638995e-6	0
72343	1.8090595768016287e-6	0
72463	1.8120593249876383e-6	0
72543	1.81405985791075e-6	0
72663	1.8170593428821614e-6	0
72863	1.8220588686340586e-6	0
73063	1.8270595651429074e-6	0
73183	1.8300594157485217e-6	0
73303	1.8330592843393474e-6	0
73383	1.8350594083624735e-6	0
73543	1.8390590924977226e-6	0
73743	1.84405915399775e-6	0
73903	1.8480597495220558e-6	0
73983	1.8500597305641313e-6	0
74063	1.8520589418338409e-6	0
74143	1.8540588358335287e-6	0
74663	1.8670590876189444e-6	0
74903	1.8730597131886965e-6	0
75143	1.87905843676532e-6	0
75223	1.8810592466438806e-6	0
75383	1.8850599478037805e-6	0
75623	1.8910592018468404e-6	0
75783	1.895059440973147e-6	0
75863	1.8970593903549827e-6	0
76023	1.9010591919808756e-6	0
76183	1.9050591098522723e-6	0
76263	1.907058885121749e-6	0
76383	1.910058994549688e-6	0
76623	1.9160596187325836e-6	0
76823	1.9210591745689415e-6	0
77063	1.927059600735016e-6	0
77183	1.930058870406463e-6	0
77303	1.9330591686691406e-6	0
77423	1.93605979789409e-6	0
77543	1.9390595322745873e-6	0
77623	1.9410589583419886e-6	0
77743	1.9440597252851855e-6	0
77943	1.9490596379033654e-6	0
78143	1.954058789950551e-6	0
78263	1.957059267104747e-6	0
78383	1.960059692540622e-6	0
78463	1.9620591919636098e-6	0
78623	1.966059526172542e-6	0
78823	1.9710592050206344e-6	0
78983	1.975058870262923e-6	0
79063	1.9770591947947144e-6	0
79143	1.979059990906081e-6	0
79223	1.9810596116273788e-6	0
79743	1.994059523011611e-6	0
79983	2.000059392195633e-6	0
80503	2.013059416530799e-6	0
80743	2.019059225481723e-6	0
80983	2.0250587855742945e-6	0
81063	2.0270590563565998e-6	0
81223	2.031059428667376e-6	0
81463	2.0370598314812295e-6	0
81623	2.0410590806577004e-6	0
81703	2.043058425642061e-6	0
81863	2.047059517765335e-6	0
82023	2.0510599784791475e-6	0
82103	2.05305959083684e-6	0
82223	2.0560590465568784e-6	0
82463	2.0620589059882846e-6	0
82663	2.0670598327721223e-6	0
82903	2.0730594700898997e-6	0
83023	2.0760589512147086e-6	0
83143	2.0790588218101e-6	0
83263	2.082059246145901e-6	0
83383	2.085059615805326e-6	0
83463	2.0870594505677602e-6	0
83583	2.090058775190553e-6	0
83783	2.0950589391749427e-6	0
83983	2.1000594320184893e-6	0
84103	2.103058922087138e-6	0
84223	2.1060594475722877e-6	0
84303	2.108058866865963e-6	0
84463	2.1120593250210054e-6	0
84663	2.1170596366431616e-6	0
84823	2.1210591459210537e-6	0
84903	2.123059022919453e-6	0
84983	2.1250599418522113e-6	0
85063	2.127059469104271e-6	0
85583	2.1400588018693442e-6	0
85823	2.1460590838656406e-6	0
86063	2.152059082298967e-6	0
86143	2.1540598476953187e-6	0
86303	2.1580590726562514e-6	0
86543	2.1640592029131665e-6	0
86703	2.1680591913740285e-6	0
86783	2.170059634462954e-6	0
86943	2.1740593542359578e-6	0
87103	2.1780594814176e-6	0
87183	2.1800588547882744e-6	0
87303	2.183059822857958e-6	0
87543	2.189059729646569e-6	0
87743	2.194059276013258e-6	0
87983	2.200059706210599e-6	0
88103	2.2030591115812104e-6	0
88223	2.206058865231038e-6	0
88343	2.209059595202368e-6	0
88463	2.2120591194247057e-6	0
88543	2.2140594281043954e-6	0
88663	2.217059656444427e-6	0
88863	2.222059409848914e-6	0
89063	2.2270600252618263e-6	0
89183	2.230059733516305e-6	0
89303	2.2330592628070446e-6	0
89383	2.2350592507348034e-6	0
89543	2.2390589428817658e-6	0
89743	2.244060571924318e-6	0
89903	2.2480590298144917e-6	0
89983	2.2500590058444026e-6	0
90063	2.252059259177674e-6	0
90143	2.254059165640001e-6	0
90663	2.2670593276848158e-6	0
90903	2.273059129230857e-6	0
91143	2.279059343472556e-6	0
91223	2.281058628629886e-6	0
91383	2.285059277165644e-6	0
91623	2.2910594388479223e-6	0
91783	2.2950596785893057e-6	0
91863	2.297059210899871e-6	0
92023	2.3010589967786035e-6	0
92183	2.3050591090135622e-6	0
92263	2.3070594534701894e-6	0
92383	2.3100599362787446e-6	0
92623	2.3160592074021082e-6	0
92823	2.3210595733897896e-6	0
93063	2.3270596779696895e-6	0
93183	2.3300594862315624e-6	0
93303	2.3330593027927272e-6	0
93423	2.3360592975760997e-6	0
93543	2.3390587567925036e-6	0
93623	2.3410596586809695e-6	0
93743	2.344059253358106e-6	0
93943	2.349059783520483e-6	0
94143	2.35405918814971e-6	0
94263	2.357059188814755e-6	0
94383	2.360058931587738e-6	0
94463	2.362059227579626e-6	0
94623	2.3660599706238677e-6	0
94823	2.3710588990420663e-6	0
94983	2.375059101691489e-6	0
95063	2.377059649101096e-6	0
95143	2.3790583211086685e-6	0
95223	2.3810592799585327e-6	0
95743	2.394059136664816e-6	0
95983	2.400059766309287e-6	0
96503	2.413059986341369e-6	0
96743	2.419059620930227e-6	0
96983	2.425059128598309e-6	0
97063	2.427058550704914e-6	0
97223	2.4310592714323727e-6	0
97463	2.4370591348842864e-6	0
97623	2.4410586068746303e-6	0
97703	2.443059541864752e-6	0
97863	2.447058834256918e-6	0
98023	2.4510601132750042e-6	0
98103	2.4530592895557407e-6	0
98223	2.456059282386279e-6	0
98463	2.4620595123682973e-6	0
98663	2.467059117203745e-6	0
98903	2.4730590165730526e-6	0
99023	2.476058213610132e-6	0
99143	2.4790593736202717e-6	0
99263	2.482059069753834e-6	0
99383	2.4850597313030026e-6	0
99463	2.4870591455718885e-6	0
99583	2.490058871689315e-6	0
99783	2.495059906655044e-6	0
99983	2.5000589856854324e-6	0
100103	2.5030593037274837e-6	0
100223	2.50605952670151e-6	0
100303	2.508059118716024e-6	0
100463	2.5120588113694197e-6	0
100663	2.5170595858202466e-6	0
100823	2.521059601271535e-6	0
100903	2.5230596165158923e-6	0
100983	2.5250587459578875e-6	0
101063	2.5270589228503213e-6	0
101583	2.5400586843837403e-6	0
101823	2.546059018487778e-6	0
102063	2.5520594161037745e-6	0
102143	2.5540591027416213e-6	0
102303	2.5580593254474636e-6	0
102543	2.564059386468896e-6	0
102703	2.5680593021680077e-6	0
102783	2.570059707648512e-6	0
102943	2.5740594643246707e-6	0
103103	2.57805964637449e-6	0
103183	2.580059058030781e-6	0
103303	2.5830595414532837e-6	0
103543	2.5890595493957406e-6	0
103743	2.5940601904968933e-6	0
103983	2.6000597626891916e-6	0
104103	2.6030598649746937e-6	0
104223	2.6060596423246007e-6	0
104343	2.6090591929183907e-6	0
104463	2.6120589029248996e-6	0
104543	2.6140589436505403e-6	0
104663	2.6170584406093647e-6	0
104863	2.62205954430783e-6	0
105063	2.6270588451243414e-6	0
105183	2.6300596061522332e-6	0
105303	2.633059323050093e-6	0
105383	2.635059390459791e-6	0
105543	2.6390590765178824e-6	0
105743	2.6440595247109774e-6	0
105903	2.6480594850384494e-6	0
105983	2.650059724535008e-6	0
106063	2.6520590388722464e-6	0
106143	2.65405886050235e-6	0
106663	2.667059250761051e-6	0
106903	2.6730592316846846e-6	0
107143	2.6790592771384957e-6	0
107223	2.6810587783051193e-6	0
107383	2.685058794117321e-6	0
107623	2.6910588427908814e-6	0
107783	2.6950595812912058e-6	0
107863	2.697059417647903e-6	0
108023	2.7010595320777394e-6	0
108183	2.705059646710455e-6	0
108263	2.7070594615206187e-6	0
108383	2.710058971611055e-6	0
108623	2.7160592022419754e-6	0
108823	2.7210602076125487e-6	0
109063	2.7270588536660735e-6	0
109183	2.7300587221383517e-6	0
109303	2.7330591270066697e-6	0
109423	2.7360596555406766e-6	0
109543	2.7390589986640657e-6	0
109623	2.7410601694876137e-6	0
109743	2.7440597303189807e-6	0
109943	2.749058966332096e-6	0
110143	2.7540597557239746e-6	0
110263	2.757059341423167e-6	0
110383	2.7600590267811116e-6	0
110463	2.762058962164374e-6	0
110623	2.766059636331941e-6	0
110823	2.7710596410496214e-6	0
110983	2.775059251761457e-6	0
111063	2.777058811096824e-6	0
111143	2.7790595461310027e-06	0
111223	2.7810593816571763e-6	0
111743	2.7940591861543345e-6	0
111983	2.800059692880048e-6	0
112503	2.8130587323818675e-6	0
112743	2.819059492967556e-6	0
112983	2.8250595275163688e-6	0
113063	2.8270589032886312e-6	0
113223	2.8310595314542427e-6	0
113463	2.8370588891174646e-6	0
113623	2.8410592257494327e-6	0
113703	2.8430588189121654e-6	0
113863	2.847059169643993e-6	0
114023	2.851059419063735e-6	0
114103	2.8530595726936227e-6	0
114223	2.8560596402515715e-6	0
114463	2.8620597258619577e-6	0
114663	2.8670592573003604e-6	0
114903	2.8730589727358848e-6	0
115023	2.8760591139423526e-6	0
115143	2.879059750930796e-6	0
115263	2.882060197140004e-6	0
115383	2.885059053473147e-6	0
115463	2.8870591253878578e-6	0
115583	2.8900586427842553e-6	0
115783	2.8950593393785657e-6	0
115983	2.9000592511692546e-6	0
116103	2.90305956223839e-6	0
116223	2.9060593436799028e-6	0
116303	2.9080594357764112e-6	0
116463	2.9120595752036856e-6	0
116663	2.9170589770817295e-6	0
116823	2.9210591795160533e-6	0
116903	2.9230596129807782e-6	0
116983	2.925059241376796e-6	0
117063	2.9270599150704755e-6	0
117583	2.940059139838175e-6	0
117823	2.946058693702388e-6	0
118063	2.952058946234378e-6	0
118143	2.9540588279987955e-6	0
118303	2.958058689737663e-6	0
118543	2.9640592956965816e-6	0
118703	2.9680593389831834e-6	0
118783	2.9700595916866674e-6	0
118943	2.9740593147115602e-6	0
119103	2.978059939826176e-6	0
119183	2.9800597475919492e-6	0
119303	2.9830599683645294e-6	0
119543	2.9890597133685967e-6	0
119743	2.9940581761914156e-6	0
119983	3.00005940638704e-6	0
120103	3.003059489301493e-6	0
120223	3.0060588627303783e-6	0
120343	3.009059387729819e-6	0
120463	3.012059043690115e-6	0
120543	3.01405886902299e-6	0
120663	3.017059006195166e-6	0
120863	3.0220592797868763e-6	0
121063	3.027058982620607e-6	0
121183	3.03005909092635e-6	0
121303	3.033059191239582e-6	0
121383	3.0350593411394595e-6	0
121543	3.039059666108248e-6	0
121743	3.044058977943413e-6	0
121903	3.0480590516729697e-6	0
121983	3.050058940103255e-6	0
122063	3.0520593450984208e-6	0
122143	3.0540584897284714e-6	0
122663	3.067059192366955e-6	0
122903	3.0730585075403856e-6	0
123143	3.0790595184466707e-6	0
123223	3.081060012135602e-6	0
123383	3.0850594763914477e-6	0
123623	3.09105886339054e-6	0
123783	3.0950587708642895e-6	0
123863	3.0970594277556655e-6	0
124023	3.101059561500382e-6	0
124183	3.105059483093359e-6	0
124263	3.1070594274168763e-6	0
124383	3.110059298067224e-6	0
124623	3.1160596985094486e-6	0
124823	3.121058872520228e-6	0
125063	3.127058919664143e-6	0
125183	3.1300593242063327e-6	0
125303	3.13305924080165e-6	0
125423	3.1360591577206174e-6	0
125543	3.139058866397277e-6	0
125623	3.1410600946931315e-6	0
125743	3.1440602304660266e-6	0
125943	3.149059866641814e-6	0
126143	3.154060037225804e-6	0
126263	3.157059208607975e-6	0
126383	3.1600598580875297e-6	0
126463	3.1620586513903604e-6	0
126623	3.1660599284781844e-6	0
126823	3.171059445877429e-6	0
126983	3.1750592951710707e-6	0
127063	3.1770588237585496e-6	0
127143	3.1790602307874557e-6	0
127223	3.181059199813697e-6	0
127743	3.1940591738612128e-6	0
127983	3.200059643094503e-6	0
128503	3.2130594660416765e-6	0
128743	3.219059026893086e-6	0
128983	3.2250589639875207e-6	0
129063	3.2270590604141374e-6	0
129223	3.231059096799936e-6	0
129463	3.2370584059535208e-6	0
129623	3.241059230927665e-6	0
129703	3.2430593797703096e-6	0
129863	3.247059399382077e-6	0
130023	3.2510590147317148e-6	0
130103	3.253059223749165e-6	0
130223	3.2560599113493486e-6	0
130463	3.262058458913779e-6	0
130663	3.267058733024917e-6	0
130903	3.2730587780145798e-06	0
131023	3.2760593421779455e-6	0
131143	3.279058822496818e-6	0
131263	3.2820590152149287e-6	0
131383	3.2850589302356763e-6	0
131463	3.2870589591052406e-6	0
131583	3.290059687734183e-6	0
131783	3.2950592886617412e-6	0
131983	3.300059545128212e-6	0
132103	3.3030591398769416e-6	0
132223	3.306058244052519e-6	0
132303	3.308059248685401e-6	0
132463	3.312059236922023e-6	0
132663	3.3170588994290307e-6	0
132823	3.3210599659220553e-6	0
132903	3.3230596480634586e-6	0
132983	3.3250591604268316e-6	0
133063	3.3270591565016035e-6	0
133583	3.3400586998379407e-6	0
133823	3.346060075303469e-6	0
134063	3.352059281272897e-6	0
134143	3.3540594348320763e-6	0
134303	3.358059529474632e-6	0
134543	3.36405902383905e-6	0
134703	3.3680586059796746e-6	0
134783	3.3700590378335e-6	0
134943	3.3740599953008736e-6	0
135103	3.3780591869772023e-6	0
135183	3.3800595253400923e-6	0
135303	3.383059582979892e-6	0
135543	3.389058720272024e-6	0
135743	3.394058761111298e-6	0
135983	3.4000594259163054e-6	0
136103	3.4030596172189394e-6	0
136223	3.406059869724382e-6	0
136343	3.4090592353076497e-6	0
136463	3.412059693009162e-6	0
136543	3.4140593472158973e-6	0
136663	3.417059396565799e-6	0
136863	3.422058635616287e-6	0
137063	3.4270591408214163e-6	0
137183	3.430060344206334e-6	0
137303	3.43305962561546e-6	0
137383	3.4350591931001337e-6	0
137543	3.439059632335516e-6	0
137743	3.444060106318979e-6	0
137903	3.448059063201003e-6	0
137983	3.450059337167899e-6	0
138063	3.4520593383001546e-6	0
138143	3.454060002484767e-6	0
138663	3.467059286958934e-6	0
138903	3.4730592403716465e-6	0
139143	3.4790589469121086e-6	0
139223	3.4810595348650374e-6	0
139383	3.485059717101915e-6	0
139623	3.4910586877882917e-6	0
139783	3.4950599464480385e-6	0
139863	3.497059319792246e-6	0
140023	3.501059921877181e-6	0
140183	3.5050600862928493e-6	0
140263	3.507059231230355e-6	0
140383	3.510058840373699e-6	0
140623	3.5160591747600973e-6	0
140823	3.52105853887094e-6	0
141063	3.5270591321698293e-6	0
141183	3.530059524019693e-6	0
141303	3.53305931488729e-6	0
141423	3.536059265635233e-6	0
141543	3.5390593360753e-6	0
141623	3.541059387685928e-6	0
141743	3.5440594462766564e-6	0
141943	3.5490589873540602e-6	0
142143	3.5540590609122e-6	0
142263	3.5570601137294816e-6	0
142383	3.560059667115489e-6	0
142463	3.5620596406935496e-6	0
142623	3.566059221636089e-6	0
142823	3.571059878492874e-6	0
142983	3.575059941752546e-6	0
143063	3.5770594796784447e-6	0
143143	3.5790594538358482e-6	0
143223	3.5810595580740946e-6	0
143743	3.5940591549246566e-6	0
143983	3.600059509802988e-6	0
144503	3.6130591107119777e-6	0
144743	3.619059214557027e-6	0
144983	3.6250600782387642e-6	0
145063	3.627059641639599e-6	0
145223	3.6310591390476896e-6	0
145463	3.6370591387627494e-6	0
145623	3.641059009462102e-6	0
145703	3.6430590197782297e-6	0
145863	3.6470590257240676e-6	0
146023	3.651059051853436e-6	0
146103	3.6530592665279083e-6	0
146223	3.6560597444020574e-6	0
146463	3.662059470498994e-6	0
146663	3.6670587994325545e-6	0
146903	3.6730591007222492e-6	0
147023	3.6760593448199878e-6	0
147143	3.6790591751205983e-6	0
147263	3.682059455056596e-6	0
147383	3.68505978491627e-6	0
147463	3.687059135726513e-6	0
147583	3.6900590849780866e-6	0
147783	3.6950590115696712e-6	0
147983	3.700059357470803e-6	0
148103	3.7030591390563305e-6	0
148223	3.7060597605150216e-6	0
148303	3.7080595538112007e-6	0
148463	3.7120591047433954e-6	0
148663	3.717059256903668e-6	0
148823	3.7210596602217727e-6	0
148903	3.7230591583584083e-6	0
148983	3.7250593578951465e-6	0
149063	3.727059336612082e-6	0
149583	3.7400591107838834e-6	0
149823	3.7460593295739938e-6	0
150063	3.7520594235058463e-6	0
150143	3.754059584249817e-6	0
150303	3.7580597546666924e-6	0
150543	3.7640594869853525e-6	0
150703	3.76805952418767e-6	0
150783	3.7700587817853376e-6	0
150943	3.7740597189366975e-6	0
151103	3.778058181643601e-6	0
151183	3.7800587872826156e-6	0
151303	3.7830584679281732e-6	0
151543	3.7890594571658936e-6	0
151743	3.7940589216221006e-6	0
151983	3.8000595511136335e-6	0
152103	3.803059510792568e-6	0
152223	3.806059285989617e-6	0
152343	3.8090590891757134e-6	0
152463	3.8120594799783247e-6	0
152543	3.814059028842703e-6	0
152663	3.817059859956315e-6	0
152863	3.822059496917046e-6	0
153063	3.827058984720028e-6	0
153183	3.830059161463521e-6	0
153303	3.8330589975415344e-6	0
153383	3.835060002569992e-6	0
153543	3.839059401862006e-6	0
153743	3.844059158000608e-6	0
153903	3.848059607518009e-6	0
153983	3.850059319703695e-6	0
154063	3.852059838237796e-6	0
154143	3.854059019563082e-6	0
154663	3.867059868056953e-6	0
154903	3.873059467534662e-6	0
155143	3.879059280659435e-6	0
155223	3.881059190758213e-6	0
155383	3.885059630940028e-6	0
155623	3.891059790724974e-6	0
155783	3.895059480810504e-6	0
155863	3.897059925533885e-6	0
156023	3.9010592708248564e-6	0
156183	3.905058550011505e-6	0
156263	3.9070598962059514e-6	0
156383	3.910059302639283e-6	0
156623	3.916059369034843e-6	0
156823	3.921059471477016e-6	0
157063	3.927059754471661e-6	0
157183	3.930060081268029e-6	0
157303	3.933058990691626e-6	0
157423	3.936059275831501e-6	0
157543	3.9390596768932945e-6	0
157623	3.941059533355367e-6	0
157743	3.944059429618173e-6	0
157943	3.949059272176588e-6	0
158143	3.954059931942074e-6	0
158263	3.9570591429293154e-6	0
158383	3.960059082130131e-6	0
158463	3.962059405905547e-6	0
158623	3.9660589355087075e-6	0
158823	3.971059526494965e-6	0
158983	3.975059076525206e-6	0
159063	3.977059032938092e-6	0
159143	3.979058842756369e-6	0
159223	3.981058872108582e-6	0
159743	3.994059239528977e-6	0
