S	pS
7.05940094692381e-9	0
1.305940094692381e-8	0.03959499813086857
1.405940094692381e-8	-0.15182631208795708
1.9059400946923808e-8	-0.18439754025525026
2.105940094692381e-8	-0.4734737778091819
2.505940094692381e-8	0.23370451507608872
2.605940094692381e-8	-0.7423267289717338
2.705940094692381e-8	-0.007005407434096891
2.805940094692381e-8	-0.08268455878282442
3.105940094692381e-8	-0.18500032865150795
3.505940094692381e-8	0.160197244768695
3.7059400946923804e-8	-0.6736392143594062
3.805940094692381e-8	0.020701966782360505
4.105940094692381e-8	-0.5371921973235861
4.205940094692381e-8	-0.31903659751344166
4.3059400946923805e-8	-0.7582267858223083
4.505940094692381e-8	-0.028578808836272056
4.7059400946923814e-8	-0.23546171027329044
5.0059400946923814e-8	0.20465405095481184
5.105940094692381e-8	0.3142212438221327
5.2059400946923806e-8	-9.962020270060136e-4
5.3059400946923815e-8	-0.037376078990854586
5.405940094692381e-8	0.6190639556284514
5.6059400946923815e-8	-0.4556285584698538
6.105940094692381e-8	1.1126191672775845
6.205940094692382e-8	0.3509396233751066
6.305940094692381e-8	0.04307988882279124
6.705940094692381e-8	-0.2936978145980723
7.005940094692381e-8	-0.017403902706542372
7.305940094692381e-8	-0.7173674630428958
7.405940094692382e-8	0.07180769778882926
7.605940094692381e-8	0.2560979276120454
7.705940094692382e-8	-0.33032394188031916
7.905940094692381e-8	0.1449557130245276
8.105940094692381e-8	-0.38688299151811767
8.205940094692381e-8	-0.2832880173617029
8.405940094692381e-8	-0.21828394726495318
8.505940094692381e-8	0.4573782446571124
8.605940094692382e-8	-0.7099753180766739
8.705940094692381e-8	0.23044072353819453
8.905940094692382e-8	-0.17608292170966885
9.005940094692382e-8	0.26815734558745713
9.405940094692381e-8	-0.0705198703516617
9.505940094692381e-8	-0.7249302441198311
9.705940094692381e-8	-0.122021599928293
1.0005940094692381e-7	0.30548778543726207
1.0205940094692382e-7	-0.03520687547029784
1.0305940094692381e-7	0.09266594226907218
1.0405940094692381e-7	-0.18643750988116672
1.0605940094692381e-7	-0.6360723959763914
1.0705940094692381e-7	-0.6084654389088032
1.0805940094692382e-7	0.14512632594771402
1.1105940094692382e-7	-0.495369592591629
1.1205940094692381e-7	-0.2534064034744956
1.1505940094692381e-7	0.46830561250852537
1.1705940094692382e-7	-0.2693688207203705
1.1905940094692381e-7	-0.014747324951404536
1.210594009469238e-7	-0.4087879034807404
1.220594009469238e-7	-0.3027112804428779
1.2305940094692382e-7	-0.577345012482645
1.2405940094692382e-7	-0.2248071411549752
1.250594009469238e-7	-0.07784196249030235
1.260594009469238e-7	-0.021936727274510338
1.270594009469238e-7	-0.42116798118374693
1.3405940094692383e-7	-0.04338591675767142
1.4005940094692383e-7	0.37767101091574284
1.4105940094692382e-7	0.10290980163502375
1.460594009469238e-7	-0.6262587339902641
1.4805940094692382e-7	0.029337209930139226
1.520594009469238e-7	-0.5473812800746904
1.5305940094692382e-7	0.18455680492217696
1.5405940094692382e-7	-0.6292233575906951
1.5505940094692381e-7	-0.38445405581308323
1.580594009469238e-7	0.012929449667128983
1.620594009469238e-7	0.25764311885016083
1.640594009469238e-7	-0.8030369282554218
1.6505940094692382e-7	0.24785171769721556
1.680594009469238e-7	-0.20283003446991046
1.690594009469238e-7	-0.09670050699824209
1.700594009469238e-7	0.45111066191128657
1.7205940094692382e-7	0.13935328269992833
1.740594009469238e-7	0.40744600008379156
1.770594009469238e-7	0.05713948469561175
1.7805940094692382e-7	-0.21519101610628874
1.7905940094692382e-7	0.5785706546783526
1.8005940094692381e-7	0.2901230050589911
1.810594009469238e-7	-0.3671434228557434
1.830594009469238e-7	0.12694741792587558
1.880594009469238e-7	0.015105784093370864
1.890594009469238e-7	-0.1542951911172357
1.9005940094692382e-7	0.19512343042784452
1.940594009469238e-7	-0.3847090219681598
1.9705940094692382e-7	0.19158895077436
2.000594009469238e-7	0.05363729764384571
2.010594009469238e-7	-0.4111860637656487
2.0305940094692382e-7	-0.1943457860225826
2.0405940094692382e-7	-0.4657095588838287
2.060594009469238e-7	0.5564998840164228
2.0805940094692383e-7	-0.23232196769982968
2.0905940094692382e-7	-0.12069338949391593
2.1105940094692381e-7	0.24726018633573965
2.120594009469238e-7	0.15436218787641304
2.130594009469238e-7	0.3409672332909548
2.140594009469238e-7	-0.35701197638212573
2.1605940094692382e-7	-0.327179334657676
2.1705940094692381e-7	0.11826225485164575
2.2105940094692382e-7	-0.25278319907619745
2.2205940094692382e-7	-0.5803225984135564
2.240594009469238e-7	-0.2364482330364325
2.2705940094692382e-7	-0.9001801041216103
2.2905940094692382e-7	-0.37936086451540474
2.300594009469238e-7	0.19875952171539865
2.310594009469238e-7	-0.05476820748944387
2.3305940094692383e-7	-0.5393508188350631
2.3405940094692382e-7	0.11194046854846611
2.3505940094692382e-7	0.06514471009735309
2.380594009469238e-7	-0.5137524784820836
2.390594009469238e-7	-0.8763522959859693
2.420594009469238e-7	-0.16615962930796951
2.440594009469238e-7	-0.6923929261655012
2.460594009469238e-7	-0.29540873427770936
2.480594009469238e-7	0.10791985905767913
2.4905940094692384e-7	-1.1047138871314077
2.500594009469238e-7	0.03127809426392569
2.5105940094692383e-7	-0.0018125625215768067
2.520594009469238e-7	0.5942861625480218
2.530594009469238e-7	-0.44941627803531564
2.540594009469238e-7	-0.5173900251310598
2.6105940094692384e-7	-0.3591203746367122
2.670594009469238e-7	0.01359155467556958
2.6805940094692383e-7	0.21375265662071313
2.7305940094692384e-7	0.04225909710182666
2.7505940094692383e-7	-0.09997315042417304
2.790594009469238e-7	0.5941439213639805
2.8005940094692384e-7	-0.2883264986292646
2.810594009469238e-7	0.5945481357037452
2.8205940094692383e-7	-0.34259144628412747
2.850594009469238e-7	-0.15295085210351683
2.890594009469238e-7	-0.350155155947401
2.910594009469238e-7	-0.44751543297541563
2.9205940094692384e-7	0.047208937152316714
2.950594009469238e-7	-0.7236232516357896
2.960594009469238e-7	-0.6017857601816385
2.970594009469238e-7	-0.04563804329498693
2.9905940094692383e-7	0.7172334514456816
3.010594009469238e-7	0.3199826653080435
3.0405940094692384e-7	-0.37717159541960227
3.050594009469238e-7	0.007815358757919333
3.0605940094692383e-7	0.23184164999085305
3.070594009469238e-7	-0.45295161440968673
3.080594009469238e-7	-0.07899083014906635
3.100594009469238e-7	0.0018020818123435148
3.150594009469238e-7	-0.2530875972535127
3.160594009469238e-7	0.19273858965662247
3.170594009469238e-7	-0.36454720673306973
3.210594009469238e-7	0.05842034359272225
3.240594009469238e-7	0.15330905974287226
3.270594009469238e-7	-0.012440946602326997
3.280594009469238e-7	-0.774617290879365
3.3005940094692383e-7	-0.022594166163732967
3.310594009469238e-7	0.8729907320206174
3.330594009469238e-7	-0.34906297419515675
3.3505940094692384e-7	0.290896974532402
3.360594009469238e-7	0.43460702646543264
3.380594009469238e-7	0.02030184799247959
3.390594009469238e-7	-1.052075973671767
3.400594009469238e-7	-0.07167474146231848
3.410594009469238e-7	-0.4964649104965953
3.430594009469238e-7	-0.24165142543247642
3.4405940094692383e-07	-0.0080321469410715
3.480594009469238e-7	-0.29654085130407604
3.4905940094692383e-7	-0.02486568872321919
3.510594009469238e-7	0.056451482528311586
3.5405940094692384e-7	0.1280045872536077
3.5605940094692383e-7	0.08237622909215836
3.570594009469238e-7	-0.1799125161784807
3.580594009469238e-7	-0.1123055664832101
3.600594009469238e-7	0.17606603103890253
3.6105940094692383e-7	0.20534215117941057
3.620594009469238e-7	0.3242376336746218
3.650594009469238e-7	-0.6558877534146471
3.6605940094692384e-7	0.24842190208141518
3.690594009469238e-7	9.070965829396948e-5
3.710594009469238e-7	-0.20612459823501364
3.7305940094692383e-7	0.03199541724431868
3.750594009469238e-7	0.6490852723140106
3.760594009469238e-7	-1.1460515939693097
3.770594009469238e-7	0.02822877051867297
3.780594009469238e-7	0.3036130682997602
3.790594009469238e-7	-0.30534709022069845
3.8005940094692383e-7	-0.2863069743008172
3.810594009469238e-7	0.22850413556727478
3.880594009469238e-7	0.3402678314630829
3.940594009469238e-7	-0.18568630938129693
3.950594009469238e-7	0.04913365731814271
4.000594009469238e-7	-0.15413631727660482
4.070594009469238e-7	0.08252659591620215
4.130594009469238e-7	0.3206257851847021
4.140594009469238e-7	-0.7982073707480297
4.190594009469238e-7	0.7434992966950801
4.210594009469238e-7	-0.21595299887235594
4.250594009469238e-7	-0.19756092763750732
4.260594009469238e-7	0.2110200413002354
4.270594009469238e-7	-0.08604648203903843
4.2805940094692384e-7	-0.6607292906678309
4.310594009469238e-7	-0.10455321988266555
4.3505940094692383e-7	-8.016919088624881e-4
4.370594009469238e-7	0.7440139306733653
4.380594009469238e-7	-0.18715371116494442
4.410594009469238e-7	-0.11975049618689454
4.4205940094692383e-7	0.43708366906452484
4.430594009469238e-7	-0.23052009176943192
4.450594009469238e-7	0.10731601006367493
4.4705940094692384e-7	0.3441641044052073
4.500594009469238e-7	0.1837257153055119
4.510594009469238e-7	0.5996165484025106
4.520594009469238e-7	-0.29945257396471214
4.530594009469238e-7	0.17051293401749887
4.5405940094692383e-7	-0.14164829411831664
4.560594009469238e-7	0.13649320723797637
4.6105940094692383e-7	-0.28047112566434007
4.620594009469238e-7	-0.3775803110512673
4.630594009469238e-7	0.029261544556370336
4.670594009469238e-7	0.004082891929277702
4.700594009469238e-7	-1.1613106343808053
4.7305940094692383e-7	0.3598729747394133
4.740594009469238e-7	0.43751701858481795
4.760594009469238e-7	-0.12281214526738143
4.770594009469238e-7	-0.01437038341818022
4.790594009469238e-7	-0.2762798360171265
4.810594009469238e-7	0.3326581463337401
4.820594009469238e-7	-0.11114505034794613
4.840594009469238e-7	-0.11858277148361207
4.850594009469238e-7	-0.17637220840892348
4.860594009469237e-7	-0.28462205027408966
4.870594009469237e-7	-0.5448007409701534
4.890594009469238e-7	-0.6861272187903253
4.900594009469237e-7	-0.5525664140988757
4.940594009469237e-7	-0.3163888419968787
4.950594009469238e-7	-0.07468915421525452
4.970594009469237e-7	-0.14231572103476484
5.000594009469237e-7	-0.0672148936664308
5.020594009469238e-7	0.20107604004147156
5.030594009469238e-7	-0.13888590082518262
5.040594009469237e-7	-0.05442915695602846
5.060594009469238e-7	-0.17905051716490003
5.070594009469237e-7	0.07074689918961595
5.080594009469238e-7	0.011658401820297632
5.110594009469237e-7	-0.2242845443787715
5.120594009469238e-7	-0.47949380447576423
5.150594009469238e-7	0.1583682681581162
5.170594009469237e-7	0.12860161715593046
5.190594009469238e-7	0.38559118708920914
5.210594009469237e-7	0.4154179509608703
5.220594009469238e-7	-0.20033401535687514
5.230594009469238e-7	0.2516000029455565
5.240594009469237e-7	0.5058884177384471
5.250594009469237e-7	-0.0322352688111356
5.260594009469238e-7	0.2184472156580982
5.270594009469238e-7	0.19885745270014488
5.340594009469238e-7	-0.31775106272314707
5.400594009469238e-7	-0.3084308469669878
5.410594009469238e-7	-0.17265452267578835
5.460594009469238e-7	-0.49979628848410806
5.480594009469237e-7	-0.0745987718822551
5.520594009469237e-7	-0.8162589182738792
5.530594009469238e-7	0.1881030578042327
5.540594009469238e-7	-0.37825465113299367
5.550594009469237e-7	-0.20258112917967858
5.580594009469238e-7	-0.50305786073943215
5.620594009469237e-7	-0.3479349462732825
5.640594009469238e-7	0.06223814565560753
5.650594009469238e-7	0.24444787220294714
5.680594009469238e-7	-0.2174406991123701
5.690594009469237e-7	0.11287001356915084
5.700594009469238e-7	0.10103376034679734
5.720594009469238e-7	-0.4231418976584242
5.740594009469238e-7	-0.14562360312241415
5.770594009469238e-7	-0.5825736378105539
5.780594009469238e-7	0.3367707757898509
5.790594009469237e-7	0.20426901427477107
5.800594009469237e-7	-0.28624333052156153
5.810594009469238e-7	0.09898943214079722
5.830594009469237e-7	-0.15872865230156916
5.880594009469238e-7	0.4846751045906023
5.890594009469238e-7	0.08343707808983203
5.900594009469237e-7	0.5614600942383465
5.940594009469237e-7	0.08170197567249043
5.970594009469237e-7	-0.1114596977827418
6.000594009469237e-7	-0.5677812598251946
6.010594009469238e-7	-0.3574610851621608
6.030594009469238e-7	-0.08491898086577826
6.040594009469237e-7	-0.02246991839471114
6.060594009469238e-7	-0.21151580063159872
6.080594009469238e-7	-0.9222908315775934
6.090594009469238e-7	0.5028957438214045
6.110594009469237e-7	-0.02314707242576737
6.120594009469238e-7	-1.0935240961777226
6.130594009469238e-7	-0.4475594418956792
6.140594009469237e-7	-0.28383868371128274
6.160594009469238e-7	-0.35769704429494775
6.170594009469237e-7	-0.881273706540255
6.210594009469237e-7	-0.5907554795079651
6.220594009469238e-7	0.32351379028754035
6.240594009469237e-7	-0.10400960340154061
6.270594009469238e-7	-0.35980630932893704
6.290594009469238e-7	0.303578627198971
6.300594009469238e-7	0.6309313973847813
6.310594009469237e-7	-0.2113137740621953
6.330594009469238e-7	-0.3076082074039441
6.340594009469237e-7	0.09583445421732477
6.350594009469237e-7	-0.028792230440653245
6.380594009469237e-7	-0.13149043032820043
6.390594009469238e-7	-0.6879310281793043
6.420594009469237e-7	0.011312034166297589
6.440594009469238e-7	0.07366258977609347
6.460594009469238e-7	-0.2446907098785405
6.480594009469237e-7	0.20149103546952846
6.490594009469237e-7	-0.47803144899677913
6.500594009469238e-7	0.2101232067861495
6.510594009469238e-7	-0.05208458701632486
6.520594009469237e-7	-0.06589008839714593
6.530594009469238e-7	-0.15317961960894422
6.540594009469238e-7	-0.6421763491886343
6.610594009469238e-7	0.06315274419760282
6.670594009469238e-7	0.035269599914403246
6.680594009469238e-7	-0.7275538412707391
6.730594009469237e-7	-0.19129558131012517
6.750594009469238e-7	-0.38265788584072524
6.790594009469237e-7	-0.04438150316377835
6.800594009469237e-7	-0.32288291866611774
6.810594009469238e-7	0.6222829920464514
6.820594009469238e-7	-0.24850959656711472
6.850594009469238e-7	-0.7223030981126324
6.890594009469238e-7	-0.7009739081047461
6.910594009469238e-7	-1.3706136701755567
6.920594009469238e-7	0.49778934492426796
6.950594009469238e-7	0.039107532350554725
6.960594009469237e-7	-0.27820364541077597
6.970594009469237e-7	0.21703757283936573
6.990594009469238e-7	-0.07697647245689937
7.010594009469238e-7	-1.0231179274260847
7.040594009469237e-7	-0.03870710250105882
7.050594009469238e-7	-0.12340872486581363
7.060594009469238e-7	-0.13919103120954118
7.070594009469237e-7	-0.2224598924735759
7.080594009469238e-7	-0.10195947863144507
7.100594009469237e-7	0.27820286942271716
7.150594009469238e-7	-0.4226492961188278
7.160594009469238e-7	-0.061147898314856584
7.170594009469237e-7	-1.0147824545984696
7.210594009469237e-7	0.11836161732207284
7.240594009469237e-7	0.4491622615894613
7.270594009469237e-7	-0.09516411086056005
7.280594009469237e-7	-0.5014677011177171
7.300594009469238e-7	-0.5969194674376591
7.310594009469237e-7	-0.07964285371842916
7.330594009469238e-7	0.19311760042516246
7.350594009469237e-7	-0.17376151935191742
7.360594009469238e-7	-0.6234678342268066
7.380594009469237e-7	-0.395226703871962
7.390594009469238e-7	0.35718292155398573
7.400594009469238e-7	0.09796628653836953
7.410594009469237e-7	0.5407050242209005
7.430594009469238e-7	0.4148261429107883
7.440594009469238e-7	-0.13915078803894243
7.480594009469237e-7	0.06606366514155435
7.490594009469237e-7	-0.03582963840561176
7.510594009469238e-7	-0.7441663636754652
7.540594009469238e-7	-0.15809715514631495
7.560594009469238e-7	-0.061465671407106744
7.570594009469238e-7	1.0607431891766357
7.580594009469237e-7	-0.4684281468887136
7.600594009469238e-7	0.26163832465818937
7.610594009469238e-7	0.3417900003853966
7.620594009469237e-7	-0.3953580382362579
7.650594009469237e-7	0.17140130820768892
7.660594009469237e-7	0.2170549182741805
7.690594009469237e-7	-0.39872704783297436
7.710594009469238e-7	0.01206453675433065
7.730594009469237e-7	-0.508823292774147
7.750594009469238e-7	-0.5530055040143921
7.760594009469237e-7	-0.35402262564003306
7.770594009469238e-7	0.8633418696514454
7.780594009469238e-7	0.4023026001670108
7.790594009469237e-7	-0.1355079358667522
7.800594009469238e-7	-0.5943613073406353
7.810594009469238e-7	-0.3061971047239271
7.880594009469238e-7	-0.058243804244701686
7.940594009469238e-7	0.05430017236700735
7.950594009469238e-7	0.149878235746308
8.000594009469237e-7	-0.030813435282468035
8.070594009469237e-7	0.4308338950143614
8.130594009469238e-7	0.7059201207895791
8.140594009469237e-7	-0.03809719272161922
8.190594009469238e-7	-0.7000864283813484
8.210594009469237e-7	-0.37451832188705214
8.250594009469238e-7	-0.6228718251050644
8.260594009469238e-7	-0.3008854400975177
8.270594009469237e-7	-0.42846100823383554
8.280594009469237e-7	-0.41463805808018017
8.310594009469237e-7	0.315375632726197
8.350594009469237e-7	-0.19830995463759957
8.370594009469238e-7	-0.7395981758657612
8.380594009469237e-7	0.5691877332583966
8.410594009469237e-7	-0.20701510260718692
8.420594009469238e-7	0.022493557919598707
8.430594009469238e-7	-0.059690082826589656
8.450594009469237e-7	-0.4968143998375829
8.470594009469238e-7	-0.3024541701033046
8.500594009469238e-7	0.21005070373047985
8.510594009469237e-7	0.0030104789731103193
8.520594009469237e-7	-0.5841793475807521
8.530594009469238e-7	-0.46897087552049116
8.540594009469238e-7	0.03606314103697254
8.560594009469238e-7	-0.8881948873970484
8.610594009469238e-7	-0.1577643101615596
8.620594009469237e-7	-0.39265674534713674
8.630594009469238e-7	0.4281923564880208
8.670594009469238e-7	0.1005726476805316
8.700594009469238e-7	-0.4839818576747021
8.730594009469238e-7	0.005522954983398722
8.740594009469238e-7	-0.48037965980172737
8.760594009469237e-7	-0.5387258017200833
8.770594009469238e-7	0.20727776233605366
8.790594009469237e-7	0.3062729346073762
8.810594009469238e-7	-0.6104276794181144
8.820594009469237e-7	-0.2709988394891219
8.840594009469238e-7	0.3755194245158187
8.850594009469238e-7	-0.5518303056217786
8.860594009469237e-7	0.16082526139277709
8.870594009469238e-7	0.0848907815507774
8.890594009469237e-7	-0.6817020482586004
8.900594009469237e-7	-0.6464673301138771
8.940594009469238e-7	0.25587207047212013
8.950594009469238e-7	-0.631597235796816
8.970594009469237e-7	-3.3549990364941653e-4
9.000594009469237e-7	-0.33449088359193374
9.020594009469238e-7	0.006928168349212621
9.030594009469237e-7	0.4564969580018736
9.040594009469238e-7	0.26348811163082003
9.060594009469238e-7	0.5298755167725664
9.070594009469237e-7	-0.04469427600878263
9.080594009469238e-7	0.38994584636323987
9.110594009469238e-7	0.5579303189529115
9.120594009469238e-7	-0.42642703288803324
9.150594009469238e-7	0.2363826435430877
9.170594009469237e-7	-0.4050491407091414
9.190594009469238e-7	-0.39629771138871167
9.210594009469237e-7	-0.6840083703196916
9.220594009469238e-7	0.17421514276462177
9.230594009469238e-7	-0.14420276962201994
9.240594009469237e-7	-0.11508824113323318
9.250594009469238e-7	-0.036962368577953125
9.260594009469238e-7	-0.4658846466026661
9.270594009469237e-7	-0.3696749952238277
9.340594009469237e-7	0.45185850817392015
9.400594009469238e-7	-0.4755704509903436
9.410594009469237e-7	-0.09061325842715454
9.460594009469238e-7	-0.20055219706804422
9.480594009469237e-7	0.3522462190374472
9.520594009469237e-7	-0.3128425567687523
9.530594009469238e-7	0.005026152054504827
9.540594009469238e-7	-0.1455010833006047
9.550594009469238e-7	-0.04240945990246396
9.580594009469238e-7	0.29230364183026986
9.620594009469237e-7	-0.367393311445348
9.640594009469237e-7	-0.14697690988570383
9.650594009469237e-7	-0.15995117357791275
9.680594009469237e-7	-1.1216705304881809
9.690594009469238e-7	-0.45788045799572197
9.700594009469237e-7	0.44544823736799893
9.720594009469238e-7	-0.059234920672657496
9.740594009469238e-7	-0.026610592052914335
9.770594009469238e-7	-0.09800972302317944
9.780594009469239e-7	0.2637115682396681
9.790594009469237e-7	0.2895384451757178
9.800594009469238e-7	0.05652968590395802
9.810594009469237e-7	-0.2380291402790367
9.830594009469238e-7	-0.266073209599028
9.880594009469238e-7	-0.06369833093030264
9.890594009469238e-7	0.024715234284204905
9.900594009469237e-7	0.044894107598182395
9.940594009469238e-7	-0.07201110295729392
9.970594009469238e-7	0.06139872478169196
1.0000594009469238e-6	-0.4371293982557647
1.0010594009469237e-6	0.5261078321668625
1.0030594009469238e-6	-0.45328352591119464
1.0040594009469237e-6	-0.379944086616017
1.0060594009469239e-6	-0.19142062507835916
1.0080594009469238e-6	-0.15861087078206668
1.0090594009469239e-6	-0.6932291999943804
1.0110594009469238e-6	-0.0013711837112788394
1.0120594009469237e-6	0.5964675427495305
1.0130594009469237e-6	-0.11320235774567615
1.0140594009469238e-6	-0.6214590050657468
1.0160594009469238e-6	-0.48222030358308804
1.0170594009469238e-6	-0.0023211193031632757
1.0210594009469237e-6	-0.2921531202638945
1.0220594009469238e-6	-0.3960935903185879
1.0240594009469237e-6	0.20103336779213832
1.0270594009469237e-6	-0.28524075627892825
1.0290594009469237e-6	-0.08504304239343081
1.0300594009469237e-6	0.2164306297928239
1.0310594009469238e-6	-0.02816278712853789
1.0330594009469238e-6	0.1824331445103095
1.0340594009469238e-6	0.00960452670594901
1.0350594009469237e-6	0.47715125079211246
1.0380594009469237e-6	-0.627655485602814
1.0390594009469238e-6	-0.2774344447328581
1.0420594009469238e-6	-0.5078624991727908
1.0440594009469237e-6	0.13608688553317846
1.0460594009469237e-6	-1.3131730003368267
1.0480594009469238e-6	-0.1541597596545739
1.0490594009469237e-6	0.13512722155613657
1.0500594009469238e-6	-0.20163705007947058
1.0510594009469238e-6	-0.09788520155663653
1.0520594009469237e-6	-0.5519555653834142
1.0530594009469238e-6	-0.07531593223232222
1.0540594009469239e-6	-0.40162438702713316
1.0610594009469237e-6	-0.4141922457935571
1.0670594009469238e-6	-0.5723728092271003
1.0680594009469239e-6	-0.17854973434582436
1.0730594009469238e-6	0.27260640796724367
1.0750594009469237e-6	0.4065768626735782
1.0790594009469238e-6	-0.9699658251039724
1.0800594009469237e-6	-0.09605080453738277
1.0810594009469238e-6	-0.008241902050843937
1.0820594009469238e-6	-0.7196372404233431
1.0850594009469239e-6	-0.7584329244653555
1.0890594009469237e-6	-0.2944370317390255
1.0910594009469237e-6	0.19909591142715916
1.0920594009469237e-6	-0.3118734313278104
1.0950594009469238e-6	0.28255164033545677
1.0960594009469238e-6	-0.5128788497855464
1.0970594009469237e-6	-0.3592975111429606
1.0990594009469239e-6	0.1925282129834854
1.1010594009469238e-6	0.14706518744770844
1.1040594009469238e-6	0.254153175818466
1.1050594009469237e-6	0.21104509415253503
1.1060594009469237e-6	-0.7962338142623551
1.1070594009469238e-6	0.2691097617285625
1.1080594009469237e-6	-0.4353486118575668
1.1100594009469238e-6	-0.38302476513869693
1.1150594009469238e-6	0.033311446405237054
1.1160594009469239e-6	0.4392523285781712
1.1170594009469237e-6	-0.3168856793364861
1.1210594009469238e-6	0.0733091853958841
1.1240594009469238e-6	0.3442712618551501
1.1270594009469238e-6	0.42190486850763914
1.1280594009469237e-6	-0.008725384221971956
1.1300594009469239e-6	-0.08626501108665544
1.1310594009469237e-6	-0.4890277165859995
1.1330594009469239e-6	-0.9643383594897724
1.1350594009469238e-6	-0.6396323421651261
1.1360594009469237e-6	-0.19576187200918657
1.1380594009469238e-6	-0.08000278639332126
1.1390594009469237e-6	-0.2519862186292854
1.1400594009469238e-6	-0.32533652387486867
1.1410594009469238e-6	0.11218844046132967
1.1430594009469238e-6	-0.856313597783856
1.1440594009469238e-6	-0.5942240756153232
1.1480594009469237e-6	-0.2138353490062822
1.1490594009469238e-6	0.2408235587232361
1.1510594009469237e-6	-0.7807760993084657
1.1540594009469237e-6	0.22977518791396867
1.1560594009469237e-6	0.3449581009668044
1.1570594009469238e-6	-0.16342155883061368
1.1580594009469238e-6	0.3076909583936053
1.1600594009469238e-6	-0.5947433379404509
1.1610594009469238e-6	-0.4000635348512722
1.1620594009469237e-6	0.10908113291685398
1.1650594009469237e-6	-0.04618025936595227
1.1660594009469238e-6	-0.30937706556654143
1.1690594009469238e-6	-0.2695501339460818
1.1710594009469238e-6	-0.41605432321425245
1.1730594009469237e-6	0.049071127546031386
1.1750594009469238e-6	0.4865543244758424
1.1760594009469237e-6	0.027402385111238735
1.1770594009469238e-6	-0.10509768604371572
1.1780594009469239e-6	-0.19636783980316877
1.1790594009469237e-6	0.2593443044801076
1.1800594009469238e-6	-0.2694615050771623
1.1810594009469237e-6	-0.27488413546658497
1.1880594009469238e-6	-0.3047157727423082
1.1940594009469238e-6	-0.4344309975606419
1.1950594009469239e-6	-0.25919573511291744
1.2000594009469238e-6	-0.24202780325203946
1.2070594009469237e-6	0.453426683796643
1.2130594009469237e-6	-0.2511634334824539
1.2140594009469238e-6	-0.2764956023079674
1.2190594009469238e-6	0.5337492407976623
1.2210594009469237e-6	-0.35275875179168803
1.2250594009469238e-6	-0.41409481540528276
1.2260594009469239e-6	0.12594829756596382
1.2270594009469237e-6	0.464186277357269
1.2280594009469238e-6	0.2128283612984772
1.2310594009469238e-6	-0.9602754795609065
1.2350594009469237e-6	0.5797285108919342
1.2370594009469238e-6	0.23577728688337693
1.2380594009469237e-6	-0.5718786226771013
1.2410594009469237e-6	-0.8335674732741108
1.2420594009469238e-6	-0.4200754300192586
1.2430594009469237e-6	-0.0325729895292936
1.2450594009469238e-6	-0.2824883790445164
1.2470594009469237e-6	-0.156362576407093
1.2500594009469238e-6	-0.7012320210666312
1.2510594009469238e-6	-0.3567491041009288
1.2520594009469237e-6	0.5864613860542784
1.2530594009469238e-6	-0.2895283881417768
1.2540594009469238e-6	0.24589912202120254
1.2560594009469238e-6	-0.33327501999455555
1.2610594009469237e-6	0.18627953022939547
1.2620594009469238e-6	-0.661349863321527
1.2630594009469237e-6	-0.5950075908324124
1.2670594009469238e-6	-0.3123280978615893
1.2700594009469238e-6	-0.6561545088125116
1.2730594009469238e-6	-0.39252139255265994
1.2740594009469237e-6	-0.4854135176325907
1.2760594009469238e-6	-0.15722444555993495
1.2770594009469237e-6	-0.288985746013239
1.2790594009469238e-6	-0.700612903297901
1.2810594009469238e-6	-1.0844323073138669
1.2820594009469238e-6	-0.4267873760562674
1.2840594009469238e-6	0.24185090084452185
1.2850594009469238e-6	-0.2616345424443216
1.2860594009469237e-6	-0.4689997424033336
1.2870594009469238e-6	0.1153815310557803
1.2890594009469237e-6	0.53776679366418
1.2900594009469238e-6	-0.6156621540379196
1.2940594009469237e-6	0.0935547138500634
1.2950594009469238e-6	0.09619783632801543
1.2970594009469237e-6	-0.49035231009704755
1.3000594009469237e-6	0.08804125188254192
1.3020594009469239e-6	-0.41261881030798997
1.3030594009469237e-6	0.12331632839434475
1.3040594009469238e-6	-0.008104074543732612
1.3060594009469237e-6	-0.0938355035780123
1.3070594009469238e-6	0.041905649364118315
1.3080594009469237e-6	-0.2245828933114752
1.3110594009469237e-6	-0.022386502907702895
1.3120594009469238e-6	0.1705079728396477
1.3150594009469238e-6	-0.482104773159522
1.3170594009469237e-6	0.36276853844663554
1.3190594009469239e-6	-0.07631901511824035
1.3210594009469238e-6	-0.28668651912363047
1.3220594009469237e-6	-0.15616049234532828
1.3230594009469237e-6	-0.2578352551452348
1.3240594009469238e-6	-0.3423143754013939
1.3250594009469237e-6	-0.9924326038651855
1.3260594009469238e-6	0.1674165293752411
1.3270594009469238e-6	-1.0447995643493124
1.3340594009469237e-6	-1.073142662769464
1.3400594009469237e-6	-0.05115690170941537
1.3410594009469238e-6	0.36481782200713536
1.3460594009469238e-6	0.07978336949635684
1.3480594009469237e-6	0.10422422884488064
1.3520594009469238e-6	-0.39637535646376676
1.3530594009469237e-6	-0.5073971000962955
1.3540594009469237e-6	-0.1887187610772733
1.3550594009469238e-6	-0.35474299338623405
1.3580594009469238e-6	0.016177100459508906
1.3620594009469237e-6	-0.16082957109641272
1.3640594009469239e-6	-0.23561035871232971
1.3650594009469237e-6	0.4901390955988394
1.3680594009469237e-6	0.40586108828117096
1.3690594009469238e-6	-0.4322829226416797
1.3700594009469237e-6	-0.6388587986434086
1.3720594009469238e-6	0.21258133260974
1.3740594009469238e-6	-0.2053993927660135
1.3770594009469238e-6	-0.06485588340316328
1.3780594009469238e-6	-0.7897724637698245
1.3790594009469237e-6	0.5072026486484184
1.3800594009469238e-6	0.029757672876461302
1.3810594009469239e-6	-0.5510847490215504
1.3830594009469238e-6	-0.8922846649630335
1.3880594009469238e-6	0.39061076532101036
1.3890594009469238e-6	0.24841918225862156
1.3900594009469237e-6	0.31621394006942427
1.3940594009469238e-6	0.05363280421346987
1.3970594009469238e-6	0.4463678872968543
1.4000594009469238e-6	-0.004102780262879233
1.4010594009469237e-6	0.3539655475837285
1.4030594009469238e-6	0.29947118465499184
1.4040594009469237e-6	-0.8426352284251213
1.4060594009469238e-6	0.48855134313888127
1.4080594009469238e-6	-0.8390489133728196
1.4090594009469238e-6	-0.6188267377385304
1.4110594009469238e-6	-0.7606710211989189
1.4120594009469239e-6	0.708483429682252
1.4130594009469237e-6	0.0796531405100571
1.4140594009469238e-6	0.17440374735582215
1.4160594009469237e-6	0.4253207474019425
1.4170594009469238e-6	-0.23106711199951585
1.4210594009469237e-6	-0.09631527998725108
1.4220594009469238e-6	0.18710401367728619
1.4240594009469237e-6	0.21195055140908445
1.4270594009469237e-6	-0.13894956339798178
1.4290594009469237e-6	-0.6770388682449606
1.4300594009469237e-6	-0.28860138469638985
1.4310594009469238e-6	-0.07283531620167448
1.4330594009469237e-6	0.4480982218716149
1.4340594009469238e-6	-0.05766453937613991
1.4350594009469237e-6	-0.592248950212872
1.4380594009469237e-6	-0.04358332093593281
1.4390594009469238e-6	0.03323884615253671
1.4420594009469238e-6	-0.2939540328001939
1.4440594009469237e-6	-0.5242553812756127
1.4460594009469237e-6	-0.49290473546338115
1.4480594009469238e-6	0.14543896105722015
1.4490594009469237e-6	-0.3033824128637725
1.4500594009469238e-6	-0.10533790119942525
1.4510594009469238e-6	0.21814915990467332
1.4520594009469237e-6	0.061924967505337984
1.4530594009469238e-6	-0.522482666042611
1.4540594009469238e-6	0.5794368988357764
1.4610594009469237e-6	-0.0209870854707097
1.4670594009469238e-6	-0.08949279509183443
1.4680594009469238e-6	-0.2753982658308435
1.4730594009469238e-6	0.8984059431621862
1.4750594009469237e-6	0.32792119282088894
1.4790594009469238e-6	0.33647741693999766
1.4800594009469237e-6	-0.2977038885270284
1.4810594009469238e-6	0.18302406476398372
1.4820594009469238e-6	-0.11026085626535077
1.4850594009469238e-6	0.00925627122726777
1.4890594009469237e-6	0.2249717623259114
1.4910594009469237e-6	-0.7333126494019272
1.4920594009469237e-6	-0.5214168516848608
1.4950594009469237e-6	-0.5765485698487149
1.4960594009469238e-6	-0.23985855970917594
1.4970594009469237e-6	0.2198128605150558
1.4990594009469238e-6	-0.8703142835078117
1.5010594009469238e-6	0.15502931097273095
1.5040594009469238e-6	0.4263300991787033
1.5050594009469239e-6	-0.7536786956096659
1.5060594009469237e-6	0.033138055584560545
1.5070594009469238e-6	-0.3375679633892581
1.5080594009469237e-6	-0.2615547333059654
1.5100594009469238e-6	-0.1344105457089153
1.5150594009469238e-6	0.10720327866048308
1.5160594009469238e-6	0.1491719822159862
1.5170594009469237e-6	-0.26071060187007195
1.5210594009469238e-6	-0.6724526687031498
1.5240594009469238e-6	-0.035137394059083726
1.5270594009469238e-6	-0.31711222105108633
1.5280594009469237e-6	-0.14443808130399782
1.5300594009469238e-6	-1.0124691095754543
1.5310594009469237e-6	-0.2391012881138916
1.5330594009469238e-6	-0.2814462208346755
1.5350594009469238e-6	-0.3264344543338468
1.5360594009469239e-6	-0.5556834869803212
1.5380594009469238e-6	0.08020505150837848
1.5390594009469237e-6	-0.2481585036339393
1.5400594009469237e-6	-0.41784896071872035
1.5410594009469238e-6	-0.7975446597933945
1.5430594009469237e-6	0.014453336742836623
1.5440594009469238e-6	-0.3567336936070029
1.5480594009469237e-6	-0.5215933746216181
1.5490594009469238e-6	0.3110418436028328
1.5510594009469237e-6	-0.712088659192024
1.5540594009469237e-6	0.3483907422196174
1.5560594009469237e-6	-0.6090081238786793
1.5570594009469237e-6	0.0226555817698813
1.5580594009469238e-6	-0.24227561798735175
1.5600594009469238e-6	0.223645841514235
1.5610594009469238e-6	-0.5115206127611082
1.5620594009469237e-6	0.16444747624248215
1.5650594009469237e-6	0.5074515333981013
1.5660594009469238e-6	0.40914889282923417
1.5690594009469238e-6	0.04256728945734999
1.5710594009469237e-6	0.2503216413398025
1.5730594009469237e-6	0.10914001420042413
1.5750594009469238e-6	-0.0586044808262797
1.5760594009469237e-6	-0.1123855136879367
1.5770594009469238e-6	-0.04741987514359999
1.5780594009469238e-6	-0.3899324439726737
1.5790594009469237e-6	-0.6442996628993285
1.5800594009469238e-6	-0.28085191816668464
1.5810594009469239e-6	0.4930423446477503
1.5880594009469237e-6	-0.4849567911146841
1.5940594009469238e-6	0.5927791634034583
1.5950594009469238e-6	-0.39241186801620637
1.6000594009469238e-6	0.4162444977810206
1.6070594009469237e-6	-0.21862251304405983
1.6130594009469237e-6	-0.0930732196652626
1.6140594009469238e-6	0.4172202977357077
1.6190594009469237e-6	-0.33052536152414613
1.6210594009469237e-6	0.10406271406139934
1.6250594009469238e-6	0.3891221127512657
1.6260594009469238e-6	0.0851224413560823
1.6270594009469237e-6	-0.28241936767041353
1.6280594009469238e-6	-0.34591275622627093
1.6310594009469238e-6	-0.10674264901475551
1.6350594009469237e-6	-0.23217306851918568
1.6370594009469238e-6	0.2863532053061388
1.6380594009469237e-6	0.4347274425750385
1.6410594009469237e-6	-0.7543085753555073
1.6420594009469238e-6	-0.5750624579542956
1.6430594009469239e-6	-0.5285250141118486
1.6450594009469238e-6	-0.21037507139774086
1.6470594009469237e-6	-0.45389570139788904
1.6500594009469237e-6	-0.17302393110826136
1.6510594009469238e-6	-0.8014050806366582
1.6520594009469237e-6	0.15215368451526298
1.6530594009469238e-6	-0.4251145156315933
1.6540594009469238e-6	-0.13499672977786495
1.6560594009469238e-6	0.6434630772564457
1.6610594009469237e-6	0.12530885524166435
1.6620594009469238e-6	-0.1962525755597064
1.6630594009469237e-6	0.4498359260565331
1.6670594009469237e-6	-0.722191724503255
1.6700594009469238e-6	0.10982924787422026
1.6730594009469238e-6	0.3260675010263714
1.6740594009469239e-6	-0.29627939933831293
1.6760594009469238e-6	0.3290341896666581
1.6770594009469239e-6	0.48157112715615874
1.6790594009469238e-6	0.174167585041007
1.6810594009469237e-6	-0.3049871076767416
1.6820594009469238e-6	-0.06689011031775093
1.6840594009469238e-6	-0.15623477353491244
1.6850594009469238e-6	0.38416801355441904
1.6860594009469237e-6	-0.590793304823016
1.6870594009469238e-6	-0.5179218016797689
1.6890594009469237e-6	-0.4321903861980163
1.6900594009469238e-6	-0.2223458987795344
1.6940594009469237e-6	0.3949394928931191
1.6950594009469237e-6	0.3885213283754042
1.6970594009469237e-6	0.3842758311077256
1.7000594009469237e-6	-0.5548299384438784
1.7020594009469238e-6	-0.4750612495108052
1.7030594009469237e-6	-0.4178810899489591
1.7040594009469238e-6	0.05748767783796203
1.7060594009469237e-6	-0.6481455181640312
1.7070594009469238e-6	0.05252093286272936
1.7080594009469239e-6	-0.3975107124382446
1.7110594009469237e-6	-0.28303722759521693
1.7120594009469237e-6	-0.7234644783273817
1.7150594009469238e-6	-0.2340329686416901
1.7170594009469237e-6	-0.27074717001274573
1.7190594009469238e-6	-0.004660741829301085
1.7210594009469238e-6	0.2539573718707305
1.7220594009469239e-6	-0.7666740703275358
1.7230594009469237e-6	-0.15114523398155807
1.7240594009469238e-6	-0.23692879005868653
1.7250594009469237e-6	-0.25182174558323583
1.7260594009469237e-6	-0.3546650676256361
1.7270594009469238e-6	-0.2112338569271383
1.7340594009469237e-6	-0.12376859718960821
1.7400594009469237e-6	0.4718235982070654
1.7410594009469238e-6	0.07202700197747212
1.7460594009469238e-6	0.3275908688179428
1.7480594009469237e-6	-0.3011530977442897
1.7520594009469238e-6	0.18848027365701792
1.7530594009469239e-6	-0.11380538570005666
1.7540594009469237e-6	-0.3651316424201371
1.7550594009469238e-6	-0.4911297749577944
1.7580594009469238e-6	0.1483094413660171
1.7620594009469237e-6	-0.21511895289894675
1.7640594009469238e-6	-0.10079367425773315
1.7650594009469237e-6	-0.17252002485519266
1.7680594009469237e-6	-0.2613881678767779
1.7690594009469238e-6	-0.4014748052438128
1.7700594009469239e-6	0.3346136981812088
1.7720594009469238e-6	-1.010989823919557
1.7740594009469237e-6	0.4119443236895638
1.7770594009469238e-6	0.1258796061585568
1.7780594009469238e-6	0.030383872052388673
1.7790594009469237e-6	-0.5827499788469857
1.7800594009469238e-6	-0.13367088371684613
1.7810594009469238e-6	-0.44890590378572215
1.7830594009469238e-6	-0.4304278207490633
1.7880594009469237e-6	0.045020948876209596
1.7890594009469238e-6	-0.387024598075958
1.7900594009469237e-6	-0.38368877713593913
1.7940594009469238e-6	0.4342241599499772
1.7970594009469238e-6	-0.4945037867075809
1.8000594009469238e-6	-0.05740159070315902
1.8010594009469239e-6	-0.1231910801735331
1.8030594009469238e-6	-0.2148307622206212
1.8040594009469237e-6	0.5073155949862206
1.8060594009469238e-6	0.2625169756512988
1.8080594009469238e-6	-0.43519965327873733
1.8090594009469238e-6	0.17585470484183163
1.8110594009469238e-6	0.47237226676326466
1.8120594009469238e-6	-0.07595928551949738
1.8130594009469237e-6	-0.42296279021238664
1.8140594009469238e-6	0.4569638262570159
1.8160594009469237e-6	-0.34735880197997754
1.8170594009469238e-6	-0.05806476244371757
1.8210594009469237e-6	0.5082739486032931
1.8220594009469237e-6	-0.5323128651955981
1.8240594009469237e-6	-0.22293784436659128
1.8270594009469237e-6	0.16419598369011287
1.8290594009469238e-6	0.016680325062813292
1.8300594009469237e-6	0.014801597938990255
1.8310594009469238e-6	0.43341698074992413
1.8330594009469237e-6	-0.11660757630682184
1.8340594009469238e-6	0.07871682817257983
1.8350594009469237e-6	0.007415549836513324
1.8380594009469237e-6	0.29263976906769584
1.8390594009469238e-6	-0.3084492011121636
1.8420594009469238e-6	-0.05105087160738574
1.8440594009469237e-6	-0.24694917373107889
1.8460594009469239e-6	-0.005834483854640841
1.8480594009469238e-6	0.3485751319748723
1.8490594009469237e-6	-0.17400015500293856
1.8500594009469237e-6	0.3296172075264509
1.8510594009469238e-6	-0.20089003181801277
1.8520594009469237e-6	-0.4591130827869396
1.8530594009469237e-6	-0.42842152771052666
1.8540594009469238e-6	-0.5651133950913367
1.8610594009469237e-6	-0.3101540889113646
1.8670594009469237e-6	-0.3133279793864833
1.8680594009469238e-6	-0.5575584534896167
1.8730594009469238e-6	0.31224177271052816
1.8750594009469237e-6	0.21812841331493799
1.8790594009469238e-6	-0.9641816037609052
1.8800594009469237e-6	0.10451648104618826
1.8810594009469237e-6	-0.15430304311265672
1.8820594009469238e-6	-0.07037714167368954
1.8850594009469238e-6	0.5468568566984058
1.8890594009469237e-6	-0.1695970390915778
1.8910594009469238e-6	-0.19910008348794087
1.8920594009469237e-6	-0.08255088278601966
1.8950594009469237e-6	0.04002622322635556
1.8960594009469238e-6	0.4801092429451297
1.8970594009469237e-6	-0.010591940964650607
1.8990594009469238e-6	-0.18141553712692832
1.9010594009469238e-6	-0.20896604818360934
1.9040594009469238e-6	0.039235251789989996
1.9050594009469238e-6	-0.2910946515876213
1.9060594009469237e-6	0.05886638701346075
1.9070594009469238e-6	-0.5158251746949899
1.908059400946924e-6	-0.08160354546770093
1.910059400946924e-6	-0.406397235996344
1.915059400946924e-6	0.21156708138265404
1.916059400946924e-6	0.21778565973876565
1.917059400946924e-6	-0.43040123026726657
1.9210594009469238e-6	-0.226377982284504
1.924059400946924e-6	0.17092912016212136
1.927059400946924e-6	0.19978809214033702
1.928059400946924e-6	-0.2539303585077349
1.930059400946924e-6	-0.5305404608236879
1.931059400946924e-6	-1.1196458235886457
1.933059400946924e-6	-0.23227778317904824
1.935059400946924e-6	-0.2571903888454576
1.936059400946924e-6	0.396947165960085
1.9380594009469238e-6	0.4616960106567367
1.939059400946924e-6	0.13132766341826485
1.940059400946924e-6	-0.03331314936497751
1.941059400946924e-6	-0.4426049353818641
1.943059400946924e-6	-0.4222075985065043
1.944059400946924e-6	0.3243382616652116
1.948059400946924e-6	-0.3314892047617498
1.949059400946924e-6	0.2369564412374914
1.951059400946924e-6	-0.23406821601196595
1.954059400946924e-6	-0.6109963732096153
1.956059400946924e-6	-0.2446765388055747
1.957059400946924e-6	-0.13384217686042876
1.958059400946924e-6	0.2382894135984537
1.960059400946924e-6	0.29159369798915513
1.961059400946924e-6	-0.379481961533621
1.962059400946924e-6	-0.20898331410320617
1.965059400946924e-6	-0.47284430128411054
1.9660594009469238e-6	0.1252256181609706
1.969059400946924e-6	-0.3597151623369445
1.971059400946924e-6	-0.19592628978633633
1.973059400946924e-6	-0.18726918954892374
1.975059400946924e-6	-0.530684001144512
1.976059400946924e-6	-0.04048621272693324
1.977059400946924e-6	-0.20615220981502821
1.978059400946924e-6	-0.6970910605818962
1.979059400946924e-6	0.5899591571527135
1.980059400946924e-6	-0.28610756935132503
1.981059400946924e-6	0.21068045472731328
1.988059400946924e-6	-0.49900943574544854
1.994059400946924e-6	0.12206468686642839
1.995059400946924e-6	0.09582548742066602
2.0000594009469238e-6	-0.008751290724663728
2.007059400946924e-6	-0.5679542766808248
2.013059400946924e-6	0.015583875217426964
2.014059400946924e-6	-0.25684282539269426
2.019059400946924e-6	-0.17546520097620147
2.021059400946924e-6	0.4070353283618837
2.025059400946924e-6	-0.6153726294944604
2.026059400946924e-6	-0.04248417540819185
2.027059400946924e-6	-0.3445903243433043
2.0280594009469238e-6	0.19588563982816465
2.031059400946924e-6	0.027720452123921595
2.035059400946924e-6	-0.4122335759119305
2.037059400946924e-6	0.43053430549602734
2.038059400946924e-6	-0.11579410576955307
2.041059400946924e-6	-0.3202892235252533
2.042059400946924e-6	0.5905818784113595
2.043059400946924e-6	-0.9753048630823801
2.0450594009469238e-6	-0.043522000832749284
2.047059400946924e-6	0.1168184112777229
2.050059400946924e-6	-0.009421364513192976
2.051059400946924e-6	0.5775322237046472
2.052059400946924e-6	-0.8475915129669718
2.053059400946924e-6	0.18988991584047565
2.054059400946924e-6	-0.03044481459063596
2.056059400946924e-6	-0.3543900457685415
2.061059400946924e-6	-0.6936099766677968
2.0620594009469238e-6	-0.4949586391650917
2.063059400946924e-6	-0.9342625668728273
2.067059400946924e-6	0.431825198107203
2.070059400946924e-6	0.356322875851321
2.073059400946924e-6	0.0691429754942662
2.074059400946924e-6	-0.8950193483144518
2.076059400946924e-6	-0.44973221534247126
2.077059400946924e-6	-0.18742526045165303
2.0790594009469238e-6	-0.5791368238616844
2.081059400946924e-6	-0.22491811507068057
2.082059400946924e-6	-0.15480102288795172
2.084059400946924e-6	-0.10642233418838888
2.085059400946924e-6	0.21485840238799778
2.086059400946924e-6	0.6472326726625994
2.087059400946924e-6	0.049620836258689904
2.089059400946924e-6	-0.4750214156688782
2.0900594009469238e-6	-0.625756370819467
2.094059400946924e-6	-0.06762450334137168
2.095059400946924e-6	-0.4617719814652924
2.097059400946924e-6	-0.07267475602432474
2.100059400946924e-6	0.031071565185011994
2.102059400946924e-6	-0.43780213744522073
2.103059400946924e-6	-0.478859785703426
2.104059400946924e-6	0.23421674239223403
2.106059400946924e-6	0.04662536353303138
2.1070594009469238e-6	-0.48392209293576793
2.108059400946924e-6	-0.5340809607109055
2.111059400946924e-6	-0.1898604877983057
2.112059400946924e-6	-0.07592591877412266
2.115059400946924e-6	-0.074852536176988907
2.117059400946924e-6	0.2356962374770277
2.119059400946924e-6	0.513179773910168
2.121059400946924e-6	-0.2550258702641321
2.122059400946924e-6	-0.8453142166074007
2.123059400946924e-6	-0.3780274712849468
2.1240594009469238e-6	0.37087095217051685
2.125059400946924e-6	0.540905287479466
2.126059400946924e-6	-0.12098301647542223
2.127059400946924e-6	0.0681573472045339
2.134059400946924e-6	0.19742146683911546
2.140059400946924e-6	-0.5990775799088045
2.1410594009469238e-6	-0.32928731000459377
2.146059400946924e-6	-0.31708128359620436
2.148059400946924e-6	-0.7342742234382651
2.1520594009469238e-6	-0.31864795658247885
2.153059400946924e-6	-0.682159739547034
2.154059400946924e-6	0.4467483948255517
2.155059400946924e-6	-0.2097294040165538
2.158059400946924e-6	-0.3282906724041295
2.162059400946924e-6	-0.0793834801597604
2.164059400946924e-6	-0.19803375731053244
2.165059400946924e-6	0.02376420559630204
2.168059400946924e-6	-0.20957289562130726
2.1690594009469238e-6	-0.03373684795068832
2.170059400946924e-6	0.2335160301514532
2.172059400946924e-6	-0.6496434110161975
2.174059400946924e-6	-0.04671096637674679
2.177059400946924e-6	0.12660218264904688
2.178059400946924e-6	0.08047067617019799
2.179059400946924e-6	0.6625108973115591
2.180059400946924e-6	-0.5461586497693246
2.181059400946924e-6	-0.43024798506644935
2.183059400946924e-6	0.4219110340604622
2.188059400946924e-6	-0.3715881633425608
2.189059400946924e-6	0.3286996448985358
2.190059400946924e-6	0.10697051231251171
2.194059400946924e-6	-0.12493366580932633
2.197059400946924e-6	-0.37905105893269386
2.200059400946924e-6	0.3052636751572067
2.201059400946924e-6	0.22386890086463085
2.2030594009469238e-6	-0.28936571334667427
2.204059400946924e-6	-0.16860464618497048
2.206059400946924e-6	-0.5357158859180039
2.208059400946924e-6	0.025180359133783557
2.209059400946924e-6	0.1942554440295273
2.211059400946924e-6	-0.23084959796206744
2.212059400946924e-6	-0.28152221832476904
2.213059400946924e-6	-0.4316252161694551
2.2140594009469238e-6	0.027157471675529024
2.216059400946924e-6	-0.44163992810923264
2.217059400946924e-6	0.2554975028678445
2.221059400946924e-6	-0.11192360438718406
2.222059400946924e-6	0.008901990167958004
2.224059400946924e-6	0.3398735913068491
2.227059400946924e-6	0.6243149024318074
2.229059400946924e-6	-0.0076940517284716965
2.230059400946924e-6	0.332569380986637
2.2310594009469238e-6	0.31342640715605313
2.233059400946924e-6	-0.13813987930974547
2.234059400946924e-6	0.7662305878050342
2.235059400946924e-6	-0.15021212067576434
2.238059400946924e-6	-0.6523703603215328
2.239059400946924e-6	-0.458065158188552
2.242059400946924e-6	-0.3290278731302122
2.244059400946924e-6	1.1709773940796968
2.246059400946924e-6	0.7292090883864288
2.2480594009469238e-6	-0.37113243208836716
2.249059400946924e-6	-0.10343345688477415
2.250059400946924e-6	-0.3951025213244771
2.251059400946924e-6	-0.07768932151514407
2.252059400946924e-6	-0.14176924989378897
2.253059400946924e-6	-0.1151891120634602
2.254059400946924e-6	-0.23530692292326127
2.261059400946924e-6	0.5183723840324344
2.267059400946924e-6	-0.07326210815170867
2.268059400946924e-6	-0.37430322369344843
2.273059400946924e-6	-0.2717160670724292
2.275059400946924e-6	0.2993876792766121
2.279059400946924e-6	-0.05747436819750359
2.280059400946924e-6	-0.5575966294763077
2.281059400946924e-6	-0.77231703833873655
2.282059400946924e-6	0.007885768318720288
2.285059400946924e-6	-0.1237812800256857
2.289059400946924e-6	-0.5662691673127005
2.291059400946924e-6	0.037900998291694965
2.292059400946924e-6	0.6496706401608364
2.295059400946924e-6	0.27764238179228834
2.296059400946924e-6	0.19279002747934992
2.297059400946924e-6	-0.19004705315768555
2.299059400946924e-6	-0.37440497437327025
2.301059400946924e-6	-0.40416832046465406
2.304059400946924e-6	0.1703242823100908
2.305059400946924e-6	-0.2919333615891359
2.306059400946924e-6	0.9517101716487132
2.307059400946924e-6	0.05252326537970786
2.308059400946924e-6	-0.049454457388509
2.3100594009469238e-6	0.535331820850928
2.315059400946924e-6	0.0752393464778468
2.316059400946924e-6	-0.1935448155740329
2.317059400946924e-6	-0.278584485294026
2.321059400946924e-6	0.17244286544765372
2.324059400946924e-6	-0.5632096423790871
2.3270594009469238e-6	0.27702276575642704
2.328059400946924e-6	-0.21667452615372218
2.330059400946924e-6	0.0852846384246026
2.331059400946924e-6	0.35801382169996837
2.333059400946924e-6	-0.09815419656255317
2.335059400946924e-6	0.33710187080453724
2.336059400946924e-6	-0.10337082430403885
2.3380594009469238e-6	-0.24968189450715852
2.339059400946924e-6	-0.6441544202540387
2.340059400946924e-6	-0.4263400147581421
2.341059400946924e-6	0.25773404550770795
2.343059400946924e-6	-0.9701045178552394
2.344059400946924e-6	-0.14758881770998689
2.348059400946924e-6	-0.11949161676607137
2.349059400946924e-6	0.38257355894626577
2.351059400946924e-6	-0.8111250128288136
2.354059400946924e-6	-0.2127972142029408
2.356059400946924e-6	-0.5425644806040196
2.357059400946924e-6	-0.21213216882550293
2.358059400946924e-6	-0.11921395343673079
2.360059400946924e-6	-0.4693591863402151
2.361059400946924e-6	-0.2639162133055489
2.362059400946924e-6	-0.17336729772452927
2.365059400946924e-6	-0.10959161849834047
2.366059400946924e-6	0.5696769434898304
2.369059400946924e-6	-0.9320517257536823
2.371059400946924e-6	-0.5019048577864104
2.373059400946924e-6	0.08590827659641395
2.375059400946924e-6	-0.2992554349871726
2.376059400946924e-6	0.16933112643855625
2.377059400946924e-6	0.24815417190744704
2.378059400946924e-6	0.11837474792094206
2.379059400946924e-6	-1.0798382553531185
2.380059400946924e-6	0.039720013404384844
2.381059400946924e-6	-0.12098839132298903
2.388059400946924e-6	0.14001197797723977
2.394059400946924e-6	-0.2642821082453567
2.395059400946924e-6	0.1815702959756223
2.4000594009469238e-6	0.36536236318354093
2.407059400946924e-6	-0.16797839152838506
2.413059400946924e-6	0.5853944449309503
2.414059400946924e-6	-1.0547018402886386
2.419059400946924e-6	0.2199833032375594
2.421059400946924e-6	-0.3371757816289652
2.425059400946924e-6	-0.2723486147602962
2.426059400946924e-6	0.5721463782620579
2.427059400946924e-6	-0.8502420099255209
2.428059400946924e-6	-0.9370950166728419
2.431059400946924e-6	-0.1295145512781844
2.435059400946924e-6	-0.023411952545626235
2.437059400946924e-6	-0.2660626375690551
2.438059400946924e-6	0.059564565143421656
2.441059400946924e-6	-0.7940722935423882
2.442059400946924e-6	-0.41926504712884083
2.443059400946924e-6	0.14091782804531847
2.445059400946924e-6	-0.03925510073655948
2.447059400946924e-6	-0.5666900058916648
2.450059400946924e-6	0.5206862747564257
2.4510594009469238e-6	0.7123280804661037
2.452059400946924e-6	0.04218973743836383
2.453059400946924e-6	-0.11139118319346253
2.454059400946924e-6	-0.40605174819781786
2.456059400946924e-6	-0.11856064497132654
2.461059400946924e-6	-0.284532417988765
2.4620594009469238e-6	0.11142137356528505
2.463059400946924e-6	-0.16653251518126794
2.467059400946924e-6	-0.28374317894653484
2.470059400946924e-6	-0.45536527243291447
2.473059400946924e-6	-0.3843738715714803
2.474059400946924e-6	-0.26200913937711307
2.476059400946924e-6	-1.1873367919113225
2.477059400946924e-6	-0.31804577671983675
2.4790594009469238e-6	-0.027326652107182964
2.481059400946924e-6	-0.4916415937691399
2.482059400946924e-6	-0.3311930900902027
2.484059400946924e-6	0.11647896409466016
2.485059400946924e-6	0.33035607881326384
2.486059400946924e-6	0.15802879778752651
2.487059400946924e-6	-0.2553750354561987
2.489059400946924e-6	0.2856502854857391
2.490059400946924e-6	-0.5292576090962806
2.494059400946924e-6	-1.0854311372473568
2.495059400946924e-6	0.5057081199993604
2.497059400946924e-6	0.007449578538136319
2.500059400946924e-6	-0.4152614916935347
2.502059400946924e-6	-0.5833647790770254
2.503059400946924e-6	-0.0972194402246
2.504059400946924e-6	0.2743313960700412
2.506059400946924e-6	0.1257545860013662
2.507059400946924e-6	-0.26417592123047356
2.508059400946924e-6	-0.28223089987503414
2.511059400946924e-6	-0.20029229612548669
2.512059400946924e-6	-0.5895775044354714
2.515059400946924e-6	0.9056692646609356
2.517059400946924e-6	0.1848733225527806
2.519059400946924e-6	-0.009889774580057551
2.521059400946924e-6	0.20032461085594092
2.522059400946924e-6	-0.25144729751648487
2.523059400946924e-6	0.21556896816305404
2.524059400946924e-6	-0.3186684060754079
2.525059400946924e-6	-0.6549890363698359
2.526059400946924e-6	0.13382621452453775
2.527059400946924e-6	-0.4780966026652028
2.534059400946924e-6	-0.31004159785377156
2.540059400946924e-6	-0.7165631837924866
2.5410594009469238e-6	-0.6673139015007251
2.546059400946924e-6	-0.3824591459709154
2.548059400946924e-6	-0.5379358970158358
2.552059400946924e-6	0.015156850333332287
2.553059400946924e-6	-0.7569503656623916
2.554059400946924e-6	-0.298205302597408
2.555059400946924e-6	0.23025573977461566
2.5580594009469238e-6	-0.07549946013155323
2.562059400946924e-6	0.1819280848101249
2.564059400946924e-6	-0.014478027965007323
2.565059400946924e-6	-0.9703033283464213
2.568059400946924e-6	-0.09877891639543815
2.569059400946924e-6	0.30858319050123273
2.570059400946924e-6	0.3067015881240702
2.572059400946924e-6	-0.20985285483345137
2.574059400946924e-6	0.06337774653570054
2.577059400946924e-6	0.7492878333004367
2.578059400946924e-6	0.24542756607397187
2.579059400946924e-6	0.030136281145532687
2.580059400946924e-6	-0.3429161429707489
2.581059400946924e-6	0.2957803425606255
2.583059400946924e-6	0.14050635976833306
2.588059400946924e-6	-0.14561454569323004
2.589059400946924e-6	0.1484488166140813
2.590059400946924e-6	-0.483519570597255
2.594059400946924e-6	0.7895499693904043
2.597059400946924e-6	-0.15678463301943557
2.600059400946924e-6	0.36174226761026984
2.601059400946924e-6	0.14042398623772906
2.6030594009469238e-6	0.4640277699642669
2.604059400946924e-6	0.056866620787299205
2.606059400946924e-6	0.24137767666590157
2.608059400946924e-6	-1.0036832840469816
2.609059400946924e-6	-0.20802853305934696
2.611059400946924e-6	-0.012118145893078849
2.612059400946924e-6	-0.49802202445136223
2.613059400946924e-6	-0.6657924050166923
2.614059400946924e-6	-0.4572963838858439
2.616059400946924e-6	0.03404026192865839
2.617059400946924e-6	-0.9603375592408855
2.621059400946924e-6	-0.05586569847067127
2.622059400946924e-6	0.14336090611684274
2.624059400946924e-6	-0.22495105194683457
2.627059400946924e-6	-0.5558225824957547
2.629059400946924e-6	-0.6237755355679184
2.630059400946924e-6	0.20520530914219381
2.631059400946924e-6	0.16580946371705266
2.633059400946924e-6	-0.07789683103469422
2.634059400946924e-6	0.05444238665775251
2.635059400946924e-6	-0.010487133131163858
2.638059400946924e-6	-0.30138182734499275
2.639059400946924e-6	-0.32442904157430064
2.642059400946924e-6	0.4493138191830103
2.644059400946924e-6	0.1237640534931209
2.646059400946924e-6	0.4380935748008331
2.648059400946924e-6	0.08409152517927562
2.649059400946924e-6	-0.9668129308815503
2.650059400946924e-6	0.32358808397086053
2.651059400946924e-6	0.06970935339181022
2.652059400946924e-6	-0.3620746776436068
2.653059400946924e-6	-0.01129673908061078
2.6540594009469238e-6	-0.5404445739774766
2.661059400946924e-6	-0.3921683026334322
2.667059400946924e-6	-0.15018587281879484
2.668059400946924e-6	-0.2814599220161138
2.673059400946924e-6	-0.16926223936653842
2.675059400946924e-6	-0.19524989755553704
2.679059400946924e-6	-0.12380842827867813
2.680059400946924e-6	0.20876324901427887
2.681059400946924e-6	-0.6226418048379081
2.6820594009469238e-6	-0.23268154430324656
2.685059400946924e-6	-0.6068296029957028
2.689059400946924e-6	-0.7460041720140349
2.691059400946924e-6	-0.5581560426454429
2.692059400946924e-6	0.22892293597320984
2.695059400946924e-6	0.18034428185304158
2.696059400946924e-6	0.27884894888543305
2.697059400946924e-6	0.01670097911419914
2.6990594009469238e-6	-0.13040032878299554
2.701059400946924e-6	0.1311308155024218
2.704059400946924e-6	-0.7766725977970319
2.705059400946924e-6	0.24576353110458846
2.706059400946924e-6	-0.15625827700513287
2.707059400946924e-6	0.06057369478579201
2.708059400946924e-6	0.06520076218500029
2.710059400946924e-6	-0.42933586907214333
2.715059400946924e-6	-0.6119792101022699
2.7160594009469238e-6	-0.19870494833551913
2.717059400946924e-6	5.146758534765525e-4
2.721059400946924e-6	0.8066656244953602
2.724059400946924e-6	-0.3162887860182261
2.7270594009469238e-6	-0.5472808502633405
2.728059400946924e-6	-0.36759981341920733
2.730059400946924e-6	-0.6788085722758349
2.731059400946924e-6	-0.8375392084344457
2.733059400946924e-6	-0.27394025404269107
2.735059400946924e-6	0.010714119749819645
2.736059400946924e-6	0.25459375259444206
2.738059400946924e-6	-1.0346823440587416
2.739059400946924e-6	-0.4022828581583509
2.740059400946924e-6	0.437254326933397
2.741059400946924e-6	0.7685406897506525
2.743059400946924e-6	-0.08504220361905479
2.7440594009469238e-6	0.329372056921516
2.748059400946924e-6	0.3801413635540478
2.749059400946924e-6	-0.4346148282741516
2.751059400946924e-6	-0.0787682979178615
2.754059400946924e-6	0.3547770504634608
2.756059400946924e-6	-0.41443896933867513
2.757059400946924e-6	-0.05952375679008884
2.758059400946924e-6	-0.6747638137698426
2.760059400946924e-6	-0.37416581250303066
2.7610594009469238e-6	0.10174635868328967
2.762059400946924e-6	-0.43878254970606384
2.765059400946924e-6	-0.19071557221724011
2.766059400946924e-6	0.23538501681989926
2.769059400946924e-6	-0.2475643261150664
2.771059400946924e-6	0.24010269726270597
2.773059400946924e-6	-0.5641483281028825
2.775059400946924e-6	-0.14918546719226472
2.776059400946924e-6	0.07768336517945898
2.777059400946924e-6	-0.5898500999666886
2.7780594009469238e-6	-0.04797902594427979
2.779059400946924e-6	0.1451840788907542
2.780059400946924e-6	-0.188388677419926
2.781059400946924e-6	-0.01928974769968409
2.788059400946924e-6	0.2945362862127518
2.794059400946924e-6	-0.214792589622062
2.795059400946924e-6	-0.30595188180355426
2.800059400946924e-6	0.29193312399639415
2.807059400946924e-6	-0.16383947048722886
2.813059400946924e-6	-0.6685650564082133
2.814059400946924e-6	0.052195228153961104
2.819059400946924e-6	0.09202063193874217
2.821059400946924e-6	-0.23672414499280575
2.825059400946924e-6	0.1265694448256355
2.826059400946924e-6	0.22988806733616804
2.827059400946924e-6	-0.4976582928337017
2.828059400946924e-6	-0.27148252865392636
2.831059400946924e-6	0.13050731878511265
2.835059400946924e-6	-0.3283414558409657
2.837059400946924e-6	-0.5118294593966437
2.838059400946924e-6	-0.541061162294068
2.841059400946924e-6	-0.17519749113102406
2.842059400946924e-6	0.22905885723267339
2.843059400946924e-6	-0.5820347586258843
2.845059400946924e-6	-0.027248086836709814
2.847059400946924e-6	-0.2313029308424709
2.850059400946924e-6	0.24258040458221283
2.8510594009469238e-6	0.018116811202677177
2.852059400946924e-6	0.3758397859289974
2.853059400946924e-6	0.1717466988091843
2.854059400946924e-6	0.16093975822438922
2.856059400946924e-6	0.23930464738375845
2.861059400946924e-6	-0.6564144200253437
2.862059400946924e-6	0.3249150335040514
2.863059400946924e-6	0.35286027038448237
2.867059400946924e-6	-0.1436465637431395
2.870059400946924e-6	-0.8007232161495031
2.873059400946924e-6	-0.42821103938785926
2.874059400946924e-6	-0.16722822653952818
2.876059400946924e-6	-0.28700457131323676
2.877059400946924e-6	-0.21242632600390893
2.879059400946924e-6	0.34998387185648294
2.881059400946924e-6	0.23433287103281908
2.882059400946924e-6	0.7961930802361633
2.884059400946924e-6	0.10407755513742642
2.8850594009469238e-6	-0.3474737769616884
2.886059400946924e-6	-0.16185754891592535
2.887059400946924e-6	-0.2755590661420338
2.889059400946924e-6	-0.2504636970236283
2.890059400946924e-6	-0.758162668862655
2.894059400946924e-6	-0.388450162573
2.895059400946924e-6	-0.06156835837597269
2.897059400946924e-6	-0.21720712310678028
2.900059400946924e-6	-0.14977766943030463
2.9020594009469238e-6	-0.4484818566459535
2.903059400946924e-6	0.16129146620936347
2.904059400946924e-6	-0.10382366802291526
2.906059400946924e-6	-0.05726702130827931
2.907059400946924e-6	-0.2571059426252317
2.908059400946924e-6	0.03482948741836142
2.911059400946924e-6	-0.6406272950170583
2.912059400946924e-6	0.17425676151672687
2.915059400946924e-6	-0.24439683158573236
2.917059400946924e-6	-0.4238651945504359
2.919059400946924e-6	-0.5888016256439184
2.921059400946924e-6	-0.22143087068595574
2.922059400946924e-6	0.824065464659834
2.923059400946924e-6	0.21203385413483158
2.924059400946924e-6	-0.7055070732196635
2.925059400946924e-6	-0.15957012797153564
2.926059400946924e-6	0.41502491454433366
2.927059400946924e-6	0.514123551572526
2.934059400946924e-6	-0.11058750351003108
2.940059400946924e-6	-0.2611087492834124
2.941059400946924e-6	-0.2717948669710287
2.946059400946924e-6	-0.7072445360001918
2.948059400946924e-6	0.4554969153289614
2.952059400946924e-6	-0.45471254630266145
2.953059400946924e-6	-0.38484868732500843
2.954059400946924e-6	-0.5729481284044355
2.955059400946924e-6	0.2221776534722542
2.958059400946924e-6	-0.7112092613276134
2.962059400946924e-6	-0.40723710685651276
2.9640594009469238e-6	-0.10525034213311815
2.965059400946924e-6	0.2251027301366994
2.968059400946924e-6	-0.06196374065025678
2.969059400946924e-6	0.25534493825800036
2.970059400946924e-6	0.19073974357293944
2.972059400946924e-6	0.6052556717841032
2.974059400946924e-6	-0.08623536387471036
2.977059400946924e-6	-0.48997304389513435
2.978059400946924e-6	0.538879252008753
2.979059400946924e-6	0.6320257347299971
2.980059400946924e-6	0.3466450251030182
2.981059400946924e-6	0.1373353199825983
2.983059400946924e-6	0.5674176054992904
2.988059400946924e-6	-0.29231234784666
2.989059400946924e-6	0.3124216727676461
2.990059400946924e-6	0.04870380832032277
2.994059400946924e-6	-1.2247555082775758
2.997059400946924e-6	0.020800959933187698
3.000059400946924e-6	0.0054401161140693165
3.001059400946924e-6	0.08689435466064126
3.003059400946924e-6	0.08835456873445657
3.004059400946924e-6	0.3931047725190377
3.006059400946924e-6	-0.538216545712799
3.008059400946924e-6	-0.27868370207478615
3.0090594009469238e-6	-0.013217104650054944
3.011059400946924e-6	-0.9691112366228287
3.012059400946924e-6	-0.35725680887324945
3.013059400946924e-6	-0.23404962575635607
3.014059400946924e-6	-0.5319239341359985
3.016059400946924e-6	-0.35939293829831476
3.017059400946924e-6	-0.39475175778123905
3.021059400946924e-6	0.06288101803982689
3.022059400946924e-6	-0.12116004763194779
3.024059400946924e-6	0.24294186445750882
3.027059400946924e-6	-0.4183263169358156
3.029059400946924e-6	0.2984575019987718
3.030059400946924e-6	-0.3100205740725042
3.031059400946924e-6	-0.319689688522989
3.033059400946924e-6	-0.20970734177289313
3.034059400946924e-6	-0.008254315318685949
3.035059400946924e-6	-0.05980746454654104
3.038059400946924e-6	0.30487891340553175
3.039059400946924e-6	0.26516132420944194
3.042059400946924e-6	-0.5595001949942761
3.044059400946924e-6	-0.42300351089780946
3.046059400946924e-6	0.2498975198728928
3.048059400946924e-6	-0.3492739544851478
3.049059400946924e-6	-0.8227046931010592
3.050059400946924e-6	-0.4608436689304855
3.051059400946924e-6	-0.11512165097140908
3.052059400946924e-6	-0.05584850327832554
3.053059400946924e-6	-0.467189169668029
3.0540594009469238e-6	-0.9112184523605898
3.061059400946924e-6	-0.6990845445764462
3.067059400946924e-6	-0.2085799688721849
3.068059400946924e-6	-0.5330131113564996
3.073059400946924e-6	-0.8934065382905734
3.075059400946924e-6	0.16763105931561634
3.079059400946924e-6	0.11749974679280237
3.080059400946924e-6	0.7384036822743676
3.081059400946924e-6	0.6111886780642457
3.082059400946924e-6	-0.12153700693962911
3.085059400946924e-6	0.07544452369217668
3.089059400946924e-6	-0.3782132234926973
3.091059400946924e-6	-0.5375563839038184
3.092059400946924e-6	0.30986920886131336
3.095059400946924e-6	-0.6300826343727322
3.096059400946924e-6	-0.5006651141067876
3.097059400946924e-6	0.02680874143488085
3.099059400946924e-6	-0.3461142950105759
3.101059400946924e-6	0.16055345826088205
3.104059400946924e-6	0.16741878227112256
3.1050594009469238e-6	0.08214643514161757
3.106059400946924e-6	-0.301137520173115
3.107059400946924e-6	0.026469952396418125
3.108059400946924e-6	0.16030856197758953
3.110059400946924e-6	-0.1028797002016607
3.115059400946924e-6	-0.24585414076005507
3.1160594009469238e-6	0.2975625248691205
3.117059400946924e-6	-0.5974866110529874
3.121059400946924e-6	-0.5284266960330455
3.124059400946924e-6	-0.7580989469975496
3.127059400946924e-6	-0.4812827810472874
3.128059400946924e-6	-0.29422734534480094
3.130059400946924e-6	-0.07674059125114359
3.131059400946924e-6	1.0763936506069585
3.1330594009469238e-6	-0.16014527393063316
3.135059400946924e-6	-0.20413464382675484
3.136059400946924e-6	-0.24322630659152628
3.138059400946924e-6	0.04591110723542392
3.139059400946924e-6	-0.5345496469105109
3.140059400946924e-6	0.3062808075668627
3.141059400946924e-6	0.6937462075178025
3.143059400946924e-6	-0.5356333421337774
3.144059400946924e-6	0.8295191023843568
3.148059400946924e-6	-0.20761551386503513
3.149059400946924e-6	0.4656948900466575
3.151059400946924e-6	0.17687663357555147
3.154059400946924e-6	0.6362788798581565
3.156059400946924e-6	-0.264117404382829
3.157059400946924e-6	-0.1923389489771356
3.158059400946924e-6	0.07944296601309665
3.160059400946924e-6	0.45714060563299797
3.161059400946924e-6	0.38719416983683363
3.162059400946924e-6	-0.749556563396799
3.165059400946924e-6	0.4103716471455174
3.166059400946924e-6	0.5275312602350533
3.169059400946924e-6	-0.6966780701867046
3.171059400946924e-6	0.04493050481568415
3.173059400946924e-6	-0.25142876570614836
3.175059400946924e-6	-0.10577585323205599
3.176059400946924e-6	0.09978126977423048
3.177059400946924e-6	-0.5771883744913576
3.1780594009469238e-6	-0.850555821656435
3.179059400946924e-6	0.829840531906082
3.180059400946924e-6	0.0043092102389381045
3.181059400946924e-6	-0.20113322704738895
3.188059400946924e-6	0.2595218944666201
3.194059400946924e-6	-0.2270857113462199
3.1950594009469238e-6	-0.45774158821456906
3.200059400946924e-6	0.24214757879297888
3.207059400946924e-6	0.0752898609817222
3.213059400946924e-6	0.06509475262351963
3.214059400946924e-6	0.2711023391861007
3.219059400946924e-6	-0.37405383771201894
3.221059400946924e-6	-0.3055570611121142
3.225059400946924e-6	-0.43695940319017373
3.226059400946924e-6	0.5096309642062214
3.227059400946924e-6	-0.3405327866512367
3.228059400946924e-6	-0.2849806741771991
3.231059400946924e-6	-0.30414698800064455
3.235059400946924e-6	-0.7316312434736064
3.237059400946924e-6	-0.9949934032109939
3.238059400946924e-6	-0.15965874709957623
3.241059400946924e-6	-0.17001925896952094
3.242059400946924e-6	-0.06568242196474229
3.243059400946924e-6	-0.021176614386613772
3.245059400946924e-6	0.810442298344096
3.247059400946924e-6	-0.0015648467832402209
3.250059400946924e-6	-0.16665162495431082
3.251059400946924e-6	-0.38621520939046206
3.252059400946924e-6	0.40440433687804406
3.253059400946924e-6	-0.17719775901244864
3.254059400946924e-6	0.16413468433923656
3.256059400946924e-6	0.5104024244504053
3.261059400946924e-6	0.5928919985681862
3.262059400946924e-6	-0.942033145063468
3.263059400946924e-6	-0.3910514702107197
3.267059400946924e-6	-0.6679220072058661
3.270059400946924e-6	0.026179732227150962
3.273059400946924e-6	-0.6229323443385963
3.2740594009469238e-6	0.6095588524190063
3.276059400946924e-6	-0.058768978436284744
3.277059400946924e-6	-0.14672588680134557
3.279059400946924e-6	-0.5784501062992581
3.281059400946924e-6	0.712869572112141
3.282059400946924e-6	-0.38573199530526187
3.284059400946924e-6	0.21594257152619833
3.285059400946924e-6	-0.4707112478591932
3.286059400946924e-6	0.23822659043530528
3.287059400946924e-6	-0.44184168331045565
3.289059400946924e-6	-0.21357807905393794
3.290059400946924e-6	0.2867872586578715
3.294059400946924e-6	0.04768740774713318
3.295059400946924e-6	-0.11228518284709266
3.297059400946924e-6	0.16446881766110472
3.300059400946924e-6	0.14418128801944463
3.3020594009469238e-6	-0.13345850862828873
3.303059400946924e-6	-0.2610699822794824
3.304059400946924e-6	-0.2300748364069717
3.306059400946924e-6	-1.1568944049171135
3.307059400946924e-6	-0.4647568451032866
3.308059400946924e-6	-0.15226152282087677
3.311059400946924e-6	-0.010080716135159404
3.312059400946924e-6	-0.16402490124597588
3.315059400946924e-6	-0.2858045797368616
3.317059400946924e-6	-0.5015178933255561
3.3190594009469238e-6	-0.10505139823424711
3.321059400946924e-6	0.5649751313622575
3.322059400946924e-6	0.21618816322354056
3.323059400946924e-6	0.2471165345242039
3.324059400946924e-6	-0.012826428067309317
3.325059400946924e-6	-0.24052009222922333
3.326059400946924e-6	0.05507499914364001
3.327059400946924e-6	-0.24444532041031442
3.334059400946924e-6	0.6012669423899895
3.340059400946924e-6	-0.7011089833900536
3.341059400946924e-6	0.28565358086742043
3.346059400946924e-6	0.6743565450822097
3.348059400946924e-6	0.40939514267117644
3.352059400946924e-6	-0.11967402700532848
3.3530594009469238e-6	-0.499644987435663
3.354059400946924e-6	0.03388515240832424
3.355059400946924e-6	-0.8527104278346952
3.358059400946924e-6	0.12852770791968926
3.362059400946924e-6	0.4029918022888297
3.3640594009469238e-6	-0.3771078738721342
3.365059400946924e-6	0.37909095333747655
3.368059400946924e-6	-0.7949672494962158
3.369059400946924e-6	0.11509998386861832
3.370059400946924e-6	-0.3631134237929779
3.372059400946924e-6	0.22666376696574286
3.374059400946924e-6	0.5943539494830599
3.377059400946924e-6	-0.2115198275321091
3.378059400946924e-6	-0.21396972167775993
3.379059400946924e-6	0.18631975158889583
3.380059400946924e-6	0.12439316815645272
3.3810594009469238e-6	-0.1571754396217386
3.383059400946924e-6	0.1820329682413022
3.388059400946924e-6	-0.21586011752746434
3.389059400946924e-6	-0.6806749001078596
3.390059400946924e-6	-0.04352133125320448
3.394059400946924e-6	-0.6398356258373024
3.397059400946924e-6	0.497294821255156
3.400059400946924e-6	0.024969381437830875
3.401059400946924e-6	-0.1491120658581545
3.403059400946924e-6	0.216272015250154
3.404059400946924e-6	0.2005023835898118
3.406059400946924e-6	0.46877745808808446
3.408059400946924e-6	0.1433165859649106
3.409059400946924e-6	-0.16563927446915852
3.411059400946924e-6	-0.16572062308989635
3.412059400946924e-6	0.2920622380755771
3.413059400946924e-6	-0.4944592425154342
3.414059400946924e-6	-0.05373102678930819
3.416059400946924e-6	-0.032156017232216935
3.417059400946924e-6	-0.004381125030225889
3.421059400946924e-6	0.4933155866768645
3.422059400946924e-6	-0.7653306368979166
3.424059400946924e-6	0.1431203457952072
3.427059400946924e-6	-0.2601255075090089
3.429059400946924e-6	-0.4607972248434381
3.430059400946924e-6	0.9432594099078012
3.431059400946924e-6	0.19122787849604672
3.433059400946924e-6	0.22466853596573916
3.434059400946924e-6	-0.09457099647391509
3.435059400946924e-6	-0.20784679028205227
3.438059400946924e-6	-0.4547167031168501
3.439059400946924e-6	0.23138859213145965
3.442059400946924e-6	-0.30684728922594273
3.444059400946924e-6	0.7053720553208384
3.446059400946924e-6	0.19076298361591326
3.448059400946924e-6	-0.337745921199828
3.449059400946924e-6	0.3043928113614979
3.450059400946924e-6	-0.06377902500633048
3.451059400946924e-6	-0.1246284734856835
3.452059400946924e-6	-0.06264676938419782
3.453059400946924e-6	-0.44410672564437886
3.454059400946924e-6	0.6015378430082792
3.461059400946924e-6	0.595805543302571
3.467059400946924e-6	-0.11398798969810045
3.468059400946924e-6	-0.34246375453208167
3.473059400946924e-6	-0.16057527740608685
3.475059400946924e-6	-0.2769218091699932
3.479059400946924e-6	-0.45403481533628903
3.480059400946924e-6	0.015364984539681034
3.481059400946924e-6	0.1339181133641501
3.482059400946924e-6	-0.2995455357247942
3.485059400946924e-6	0.3161549912349766
3.489059400946924e-6	0.24838584727698235
3.491059400946924e-6	-0.7131586322697868
3.492059400946924e-6	0.3183032861707469
3.495059400946924e-6	0.5455011146095136
3.496059400946924e-6	-0.46472903319998
3.497059400946924e-6	-0.0811546781449954
3.499059400946924e-6	-0.3018487987263964
3.501059400946924e-6	0.5209302570911682
3.504059400946924e-6	-0.17164935862991879
3.5050594009469238e-6	0.685345925552415
3.506059400946924e-6	0.24184205231483838
3.507059400946924e-6	-0.1697165687812043
3.508059400946924e-6	-0.003303326850338101
3.510059400946924e-6	-0.5605732252257037
3.515059400946924e-6	-0.09238901292025017
3.516059400946924e-6	-0.22618682685358296
3.517059400946924e-6	-0.45684730734600043
3.521059400946924e-6	-0.8620759843116089
3.524059400946924e-6	0.927338495198464
3.527059400946924e-6	-0.2687770948324843
3.528059400946924e-6	0.3535284048910789
3.530059400946924e-6	0.12307276915255946
3.531059400946924e-6	0.2979961858328405
3.533059400946924e-6	-0.08605963418430825
3.535059400946924e-6	0.5577134903768757
3.536059400946924e-6	-0.13531169093248846
3.538059400946924e-6	-0.06554599290902688
3.5390594009469238e-6	-0.06487162381642211
3.540059400946924e-6	0.14653047079469986
3.541059400946924e-6	-0.013260995779799294
3.543059400946924e-6	-0.028025358997461197
3.544059400946924e-6	0.045329732196032306
3.548059400946924e-6	-0.6234930068813288
3.549059400946924e-6	-0.41359286389249805
3.551059400946924e-6	-0.03035440864659314
3.554059400946924e-6	-0.34003472407847113
3.556059400946924e-6	0.15742843523407277
3.557059400946924e-6	0.7127825576880189
3.558059400946924e-6	0.039880999639307045
3.560059400946924e-6	0.2661685649683399
3.561059400946924e-6	-0.14620720702312734
3.562059400946924e-6	0.23974662578750394
3.565059400946924e-6	0.519111031490791
3.566059400946924e-6	-0.179310835165305
3.569059400946924e-6	-0.009020305424096379
3.571059400946924e-6	0.4775459499343246
3.573059400946924e-6	-0.3095878367982132
3.575059400946924e-6	0.5408056221947602
3.576059400946924e-6	-0.12834103414009215
3.577059400946924e-6	0.07873152059432466
3.578059400946924e-6	-1.033489780961314
3.579059400946924e-6	0.05288892442083985
3.580059400946924e-6	-0.4918821333384682
3.581059400946924e-6	0.15712717060220638
3.588059400946924e-6	-0.01358161680857636
3.594059400946924e-6	-0.24602226748272263
3.595059400946924e-6	-0.10754625881796882
3.600059400946924e-6	0.10885606398079077
3.607059400946924e-6	-0.013569592328857138
3.613059400946924e-6	-0.29023494618044315
3.614059400946924e-6	-0.7419806681057881
3.619059400946924e-6	-0.1863898969283568
3.621059400946924e-6	-0.5355798325214005
3.625059400946924e-6	0.6772918403521305
3.626059400946924e-6	0.03149124925806929
3.627059400946924e-6	0.2406926747687099
3.628059400946924e-6	-0.04060097171524257
3.631059400946924e-6	-0.26189923431110795
3.635059400946924e-6	-0.1908083456183705
3.637059400946924e-6	-0.2621841745004984
3.638059400946924e-6	-0.6048110874834955
3.641059400946924e-6	-0.39148482200741386
3.642059400946924e-6	0.02891503963009328
3.643059400946924e-6	-0.3811686942403888
3.645059400946924e-6	-0.3816611490315271
3.647059400946924e-6	-0.37522285625812835
3.650059400946924e-6	-0.10103864529168327
3.651059400946924e-6	-0.34909348818650465
3.652059400946924e-6	0.33884705090224787
3.653059400946924e-6	-0.13441901561487135
3.654059400946924e-6	1.0456926509014255
3.656059400946924e-6	0.34345513332849287
3.661059400946924e-6	-0.38917790024699594
3.662059400946924e-6	0.06955206996141694
3.6630594009469238e-6	-0.6573528490981561
3.667059400946924e-6	-0.6015143696077284
3.670059400946924e-6	0.19286479253650524
3.673059400946924e-6	-0.3002246748834414
3.6740594009469238e-6	-0.5483279367226267
3.676059400946924e-6	-0.0561269361370987
3.677059400946924e-6	-0.08069826672334515
3.679059400946924e-6	-0.22582632581958328
3.681059400946924e-6	0.6674632740669075
3.682059400946924e-6	0.05410967211607102
3.684059400946924e-6	-0.7167911999796898
3.685059400946924e-6	0.38396934600004706
3.686059400946924e-6	-0.5486039767133238
3.687059400946924e-6	-0.26522041068674357
3.689059400946924e-6	0.11224512284736875
3.690059400946924e-6	-0.3159688375336091
3.694059400946924e-6	-0.2616382342374222
3.695059400946924e-6	-0.38937725283926405
3.697059400946924e-6	-0.5790114706087873
3.700059400946924e-6	-0.04347612086964478
3.702059400946924e-6	0.033539845027815915
3.703059400946924e-6	-0.26189059330449654
3.704059400946924e-6	7.352910903030922e-4
3.706059400946924e-6	0.3595680975120269
3.707059400946924e-6	-0.11488087762098731
3.7080594009469238e-6	0.1528642769718571
3.711059400946924e-6	0.5779343475141585
3.712059400946924e-6	-0.29620352869140326
3.715059400946924e-6	-0.06267767761644312
3.717059400946924e-6	-0.14404325595387654
3.719059400946924e-6	-0.2502987881791274
3.721059400946924e-6	0.2592748488372239
3.722059400946924e-6	-0.3756680940446549
3.723059400946924e-6	-0.24258851576971574
3.724059400946924e-6	0.2752324332969136
3.7250594009469238e-6	-0.04305177726834464
3.726059400946924e-6	0.12856685990009373
3.727059400946924e-6	-0.06433484209708812
3.734059400946924e-6	-0.3369133890331142
3.740059400946924e-6	-0.29016304070651777
3.741059400946924e-6	0.1906774870748327
3.746059400946924e-6	-0.0713729303353824
3.748059400946924e-6	-0.3926484618943082
3.752059400946924e-6	0.0225589221815889
3.7530594009469238e-6	-0.3558952893843823
3.754059400946924e-6	0.18330289297538502
3.755059400946924e-6	-0.6225206541389787
3.758059400946924e-6	0.3537197682685885
3.762059400946924e-6	-0.4267816509605769
3.764059400946924e-6	0.08603842829095726
3.765059400946924e-6	-0.3484724546410061
3.768059400946924e-6	0.12324074595039536
3.769059400946924e-6	-0.23269661725454296
3.7700594009469238e-6	-0.6191615861679642
3.772059400946924e-6	0.421007448534968
3.774059400946924e-6	0.31798977344246315
3.777059400946924e-6	0.31762661611314086
3.778059400946924e-6	-1.219303322791041
3.779059400946924e-6	0.27765604273966166
3.780059400946924e-6	-0.6136643084589659
3.781059400946924e-6	0.25782631365368536
3.783059400946924e-6	-0.9330187506587941
3.788059400946924e-6	-0.5566291979953812
3.789059400946924e-6	0.05621896965494967
3.790059400946924e-6	-0.3311441404796973
3.794059400946924e-6	-0.4793248233086111
3.797059400946924e-6	-0.0583891256640556
3.800059400946924e-6	0.15016670954539615
3.801059400946924e-6	-0.36292208540294024
3.803059400946924e-6	0.10984564367922203
3.8040594009469238e-6	-0.06478076428623604
3.806059400946924e-6	-0.11495730709788396
3.808059400946924e-6	-0.1830938863251006
3.809059400946924e-6	-0.3117712107564611
3.811059400946924e-6	-0.19876333304602395
3.812059400946924e-6	0.07903140075083878
3.813059400946924e-6	-0.38562601115476963
3.814059400946924e-6	-0.3721042211302908
3.816059400946923e-6	0.1681479721831066
3.817059400946924e-6	0.45900939113111905
3.821059400946923e-6	-0.08525980807727032
3.822059400946924e-6	0.09597012210805794
3.824059400946924e-6	-0.5170243726014936
3.827059400946924e-6	-0.4162268962246184
3.829059400946924e-6	0.743820921299081
3.830059400946924e-6	-0.23948340225233167
3.831059400946924e-6	-0.5920919712908232
3.833059400946924e-6	-0.4034053898422491
3.834059400946924e-6	0.37328747321804584
3.8350594009469236e-6	0.6016230680753001
3.838059400946924e-6	-0.14106569289285475
3.839059400946924e-6	9.150818801708163e-4
3.842059400946924e-6	-0.502613113279103
3.844059400946924e-6	-0.2429463160391631
3.846059400946924e-6	0.31715959475679334
3.848059400946924e-6	0.2065710849716209
3.849059400946924e-6	0.07236295642017686
3.850059400946924e-6	-0.08124322951040021
3.851059400946924e-6	-0.26895383672725837
3.852059400946924e-6	0.43729087259342275
3.853059400946924e-6	-0.3716199804411585
3.854059400946924e-6	-0.3813838418795408
3.861059400946924e-6	0.5681177066057999
3.867059400946924e-6	0.4671100288386682
3.868059400946924e-6	-0.15782965568294582
3.873059400946924e-6	0.06658773840206422
3.875059400946924e-6	0.05463867426130095
3.879059400946924e-6	-0.12028748934682798
3.880059400946924e-6	-0.054895465851788255
3.881059400946924e-6	-0.21018871102033423
3.882059400946924e-6	-0.34485553078260606
3.885059400946924e-6	0.2299931036567923
3.889059400946924e-6	-0.3316458020954558
3.891059400946924e-6	0.389778049348147
3.892059400946924e-6	0.03506803476619781
3.895059400946924e-6	0.0798635805518465
3.896059400946924e-6	-0.06608928153546169
3.897059400946924e-6	0.5245869605813867
3.899059400946924e-6	-0.8002983075772272
3.901059400946924e-6	-0.13012206787191066
3.904059400946924e-6	-0.48525716847953826
3.905059400946924e-6	-0.850935418624714
3.906059400946924e-6	-0.8148436810142884
3.907059400946924e-6	0.4952590275413742
3.9080594009469236e-6	-0.2882150906621133
3.910059400946924e-6	-0.09830764081611301
3.915059400946924e-6	-0.7230544373009123
3.916059400946924e-6	-0.03191208148428659
3.917059400946924e-6	-0.30128349698421186
3.921059400946924e-6	0.07053009147176643
3.924059400946924e-6	-0.30185517984910454
3.927059400946924e-6	0.3535247376619337
3.928059400946924e-6	0.8150494524222307
3.930059400946924e-6	0.6803211050337034
3.931059400946924e-6	-0.47306670333693934
3.933059400946924e-6	-0.4102552978528496
3.935059400946924e-6	-0.009007895544386156
3.936059400946924e-6	-0.1251154229861811
3.938059400946924e-6	-0.08183533603371707
3.939059400946924e-6	0.27594637068661637
3.940059400946924e-6	-0.4689197003309169
3.941059400946924e-6	0.1324084427306105
3.943059400946924e-6	-0.7129454514411384
3.944059400946924e-6	0.02867124957182986
3.948059400946924e-6	0.0659247106571067
3.949059400946924e-6	-0.12877033542523256
3.951059400946924e-6	-0.25070867335153435
3.954059400946924e-6	0.5309951502273564
3.956059400946924e-6	-0.35136323832954874
3.957059400946924e-6	-0.25801760884504266
3.958059400946924e-6	-0.18438255208665794
3.960059400946924e-6	-0.3188167926952397
3.961059400946924e-6	-0.336194197921556
3.962059400946924e-6	0.004958623199817925
3.965059400946924e-6	-0.23236891503032683
3.966059400946924e-6	-0.46543821619374987
3.969059400946924e-6	-0.4855976240553247
3.971059400946924e-6	0.12554804167585945
3.973059400946924e-6	0.07491425862082238
3.975059400946924e-6	-0.3244217181274387
3.976059400946924e-6	0.2315042248342541
3.977059400946924e-6	-0.36800883250042576
3.978059400946924e-6	-0.41329501449747497
3.979059400946924e-6	-0.5581905550028788
3.980059400946924e-6	-0.2550070521566594
3.981059400946924e-6	-0.52883834261046625
3.988059400946924e-6	0.25345861240160755
3.994059400946924e-6	-0.16141794728662984
3.995059400946924e-6	-0.029357565640639183
