pS
0.11958896557950993
0.1591839637121666
-0.03223734650987353
-0.06480857467659007
-0.353884812228614
0.35329348065408794
-0.6227377633937294
0.11258355814521792
0.03690440679594076
-0.06541136307254192
0.2797862103471971
-0.5540502487859271
0.14029093236678136
-0.4176032317435556
-0.1994476319379146
-0.6386378202450373
0.09101015673974189
-0.11587274469212616
0.32424301653850307
0.43381020940449844
0.11859276355045267
0.08221288659530046
0.7386529212129176
-0.3360395928851858
1.232208132854737
0.4705285889584161
0.1626688543999535
-0.17410884901204327
0.10218506288072149
-0.5977784974554652
0.1913966633749169
0.3756868931919257
-0.21073497629754456
0.2645446786041248
-0.26729402593599616
-0.16369905177674582
-0.09869498168467317
0.5769672102335335
-0.5903863524856092
0.3500296891152743
-0.05649395611823138
0.38774631117121316
0.04906909523020886
-0.6053412785414025
-0.0024326343453253685
0.42507675101359155
0.08438209010660103
0.21225490784559042
-0.0668485443039799
-0.516483430399262
-0.4888764733211133
0.2647152915333777
-0.3757806270038486
-0.13381743788988842
0.587894578090868
-0.14977985513957037
0.10484164063285561
-0.2891989379058941
-0.18312231488988573
-0.45775604689532656
-0.1052181755715651
0.04174700308840329
0.09765223829947445
-0.3015790155930631
0.07620304882794926
0.4972599765299037
0.22249876720491102
-0.5066697684047199
0.14892617552146703
-0.4277923144979354
0.3041457705152766
-0.5096343920185973
-0.26486509023754934
0.13251841525391228
0.3772320844435626
-0.6834479626619441
0.3674406832826662
-0.08324106887909011
0.022888458581007853
0.5706996274864196
0.25894224828016377
0.527034965665564
0.17672845026436335
-0.09560205052406445
0.6981596202598439
0.40971197065363185
-0.24755445728521863
0.2465363835011658
0.13469474966984762
-0.0347062255449373
0.31471239602211654
-0.2651200563972793
0.311177916347674
0.17322626321697498
-0.2915970981744067
-0.07475682043872212
-0.346120593301805
0.6760888495865061
-0.11273300208051751
-0.001104423922299702
0.3668491519119925
0.27395115345677823
0.46055619886647037
-0.2374230107902804
-0.20759036906559913
0.23785122043886986
-0.1331942334819587
-0.4607336328451197
-0.11685926746503128
-0.7805911385251534
-0.25977189892961405
0.3183484872949407
0.06482075808725085
-0.41976185325376036
0.23152943412515015
0.18473367567298737
-0.3941635129106089
-0.7567633303858656
-0.04657066370532448
-0.5728039606130437
-0.17581976867916183
0.22750882462037225
-0.9851249215290068
0.15086705983298998
0.11777640303716908
0.7138751281453892
-0.3298273124399884
-0.39780105953866496
-0.2395314090522902
0.13318052024948202
0.3333416221816492
0.16184806269700402
0.01961581517622335
0.7137328869711723
-0.168737533043668
0.7141371013040043
-0.22300248069683448
-0.03336188651161365
-0.2305661903723717
-0.3279264673779494
0.16679790275497908
-0.6040342860696342
-0.4821967946199379
0.07395092227170608
0.8368224170347389
0.4395716309106774
-0.2575826297990602
0.12740432434225113
0.351430615593074
-0.33336264882848354
0.040598135457059925
0.1213910474003228
-0.13349863169770515
0.312327555223078
-0.24495824112796072
0.1780093091885533
0.2728980253468194
0.10714801896659765
-0.655028325311946
0.09699479942440803
0.9925796976076526
-0.22947400861187361
0.4104859401240901
0.5541959920690829
0.13989081357999567
-0.9324870080683354
0.04791422411210533
-0.376875944894266
-0.12206245986067188
0.11155681865170664
-0.17695188570667142
0.09472327683960202
0.17604044811457698
0.2475935528131572
0.20196519464951734
-0.06032355060506234
0.00728339909181841
0.29565499663709716
0.3249311167672886
0.4438265992562833
-0.5362987878284571
0.3680108676938971
0.1196796752480509
-0.08653563267250775
0.15158438281110875
0.7686742378832037
-1.0264626283655502
0.14781773611008475
0.42320203385776267
-0.18575812462762542
-0.1667180087208635
0.3480931011242774
0.4598567970197678
-0.06609734381243015
0.16872262290218032
-0.034547351685375816
0.20211556149655507
0.4402147507602763
-0.6786184051616715
0.863088262256781
-0.09636403327317566
-0.07797196204074908
0.33060900687985395
0.03354248351723754
-0.5411403250507192
0.01503574572080879
0.11878727365620989
0.8636028962465048
-0.06756474557676029
-1.6153060295209798e-4
0.556672634640961
-0.11093112620886814
0.22690497564752832
0.46375306997390453
0.30331468089383407
0.7192055139871059
-0.17986360838534665
0.290101899606384
-0.022059328543491574
0.25608217283877366
-0.16088216006630773
-0.2579913454667917
0.14885051012362283
0.12367185749934606
-1.0417216688191502
0.4794619403131719
0.5571059841877855
-0.0032231796739665697
0.10521858223279423
-0.15669087047967878
0.452247111908207
0.008443915236171051
0.0010061940366767885
-0.056783242866572436
-0.16503308475830636
-0.425211775459843
-0.5665382532112062
-0.43297744860558396
-0.19679987651363717
0.04489981136555343
-0.0227267555175672
0.05237407181175513
0.32066500563780664
-0.019296935344584654
0.06515980851003178
-0.05946155163610456
0.19033586468850672
0.13124736735687748
-0.10469557889439329
-0.35990483889094094
0.2779572337216223
0.24819058270890082
0.5051801526248028
0.53500691643751
-0.08074504984057285
0.37118896847795213
0.6254773832723117
0.08735369674832327
0.33803618125801904
0.3184464182546094
-0.198162097185957
-0.18884188137644742
-0.053065557114507556
-0.380207322949218
0.04499019358883061
-0.6966699527944797
0.3076920233021383
-0.25866568553283287
-0.0829921636943709
-0.3834688952545662
-0.22834598077167811
0.18182711118396355
0.3640368376682659
-0.09785173358221755
0.23245897910629765
0.22062272590778775
-0.3035529321675199
-0.02603463760175373
-0.46298467222629824
0.4563597413093703
0.32385797977900666
-0.16665436499050656
0.2185783977336655
-0.039139686833721044
0.6042640701708137
0.2030260436266076
0.6810490597577541
0.20129094120227364
0.008129267761717074
-0.4481922943292034
-0.23787211960024024
0.03466998461556159
0.09711904712492014
-0.09192683510650568
-0.8027018660804401
0.6224847093785115
0.09644189303770645
-0.973935130599159
-0.32797047633954435
-0.1642497182528473
-0.23810807873923068
-0.7616847410446326
-0.47116651404598997
0.4431027558849223
0.015579362141750153
-0.2402173438208024
0.42316759278747895
0.7505203629214066
-0.09172480852987519
-0.1880192418216211
0.21542341970138068
0.09079673510444763
-0.011901464811103324
-0.5683420625900908
0.13090099971856262
0.19325155532328608
-0.1251017443102569
0.3210800010206185
-0.3584424835370328
0.3297121723579721
0.06750437851246716
0.05369887711242427
-0.033590654112344964
-0.5225873836290589
0.1827417097671855
0.1548585654751946
-0.6079648757174141
-0.07170661582773619
-0.26306892026224205
0.07520746239703158
-0.20329395313939358
0.7418719576037347
-0.1289206310216855
-0.6027141325363914
-0.5813849425629201
-1.2510247046081986
0.6173783104653126
0.15869649794717589
-0.15861467987951983
0.33662653829804867
0.04261249309342929
-0.9035289618419711
0.08088186302438771
-0.003819759356929353
-0.019602065618357756
-0.1028709269280057
0.01762948688144661
0.3977918349567062
-0.3030603305205659
0.05844106726624432
-0.8951934890537245
0.2379505828016022
0.5687512270685033
0.024424854608014357
-0.38187873560843855
-0.4773305018906058
0.0399461118374802
0.31270656597871493
-0.05417255381217956
-0.5038788686536577
-0.2756377383120707
0.4767718870831459
0.2175552520892552
0.6602939897221063
0.5344151084646
-0.019561822555317576
0.1856526306985984
0.08375932708139544
-0.6245773981557932
-0.038508189619847144
0.05812329410514394
1.1803321547546375
-0.34883918135363956
0.3812272902105178
0.4613789659420604
-0.2757690727140698
0.29099027369437636
0.3366438837327337
-0.279138082313807
0.1316535023268557
-0.3892343272670473
-0.4334165384922244
-0.2344336600849033
0.9829308352342423
0.5218915657148955
-0.015918970401969545
-0.4747723417695511
-0.18660813913464835
0.06134516130089196
0.17388913794297878
0.2694672012550541
0.08877553018072604
0.5504228605435628
0.8255090862821817
0.08149177279739206
-0.5804974628157993
-0.2549293564229629
-0.503282859551291
-0.18129647452150266
-0.30887204271556357
-0.29504909260492695
0.43496459820846667
-0.0787209891732914
-0.6200092103162547
0.6887766987402983
-0.08742613706908742
0.14208252345969186
0.059898882734103154
-0.37722543430487576
-0.18286520460634392
0.32963966927064803
0.12259944445656856
-0.4645903820800754
-0.34938190992085083
0.15565210654477823
-0.7686059218852392
-0.03817534462132244
-0.27306777985882036
0.5477813220249459
0.22016161321033678
-0.3643928921185875
0.12511192047941222
-0.36079069424266663
-0.41913683624392206
0.32686672786906
0.4258619000664794
-0.4908387138832495
-0.1514098740245231
0.49510839010230256
-0.43224134004447023
0.2804142268842611
0.20447974706326022
-0.5621130827748857
-0.5268783645523172
0.3754610360329025
-0.5120082703010667
0.11925346556262184
-0.21490191812523562
0.12651713388828512
0.576085923509936
0.38307707719366135
0.6494644822833493
0.07489468948904232
0.5095348119494929
0.6775192845151423
-0.3068380673357183
0.35597160908787373
-0.28546017523689216
-0.2767087458670403
-0.5644194048290956
0.29380410827116066
-0.024613804131377037
0.004500724402703327
0.08262659696140418
-0.34629568100473307
-0.2500860297229792
0.5714474736676038
-0.35598148544448804
0.02897570706403485
-0.08096323150385842
0.47183518458308527
-0.19325359124468378
0.12461511760596977
-0.02591211786597114
0.07717950558435405
0.411892607525715
-0.24780434593623113
-0.027387944373458595
-0.04036220809319957
-1.0020815649178871
-0.3382914923835756
0.5650372028434276
0.06035404491444751
0.0929783734077887
0.021579242525206155
0.3833005337299369
0.4091274106730225
0.17611865137149607
-0.11844017473219992
-0.1464842440155394
0.055890634655156646
0.14430419993703936
0.16448307304017362
0.047577862532477866
0.18098769027454864
-0.31754043265237897
0.6456967977231329
-0.33369456041174317
-0.2603551210280557
-0.07183165952329773
-0.03902190527014682
-0.5736402343887903
0.11821778185941412
0.71605650830179
0.006386607852221005
-0.5018700395422684
-0.362631338112692
0.11726784632577392
-0.17256415475429776
-0.276504624801305
0.3206223334035485
-0.16565179067157487
0.03454592319388894
0.33601959534462367
0.0914261784005248
0.30202211010350766
0.12919349229105137
0.5967402163188353
-0.508066520182922
-0.1578454792145294
-0.3882735337484746
0.255675851068645
-1.1935840349171372
-0.034570794036199004
0.2547161870729724
-0.08204808448266476
0.02170376398908047
-0.4323665998721822
0.04427303326588117
-0.28203542141409343
-0.29460328030143046
-0.45278384375853875
-0.05896076877871792
0.39219537338908594
0.5261658281360155
-0.8503768594810026
0.023538160916587003
0.11134706344250844
-0.600048274754613
-0.6388439587782386
-0.17484806629374816
0.3186848770312736
-0.19228446573458768
0.4021406058310504
-0.393289884287924
-0.23970854559473764
0.31211717864016464
0.26665415304967155
0.37374214124156424
0.33063405967800463
-0.6766448488146466
0.38869872723330445
-0.31575964641768905
-0.26343579963554475
0.15290041195174808
0.5588412942399827
-0.19729671378854619
0.19289815094208507
0.4638602274966388
0.5414938340994127
0.1108635812129819
0.03332395451792536
-0.3694387510946626
-0.8447493938131174
-0.5200433766545416
-0.07617290658527054
0.03958617925377439
-0.13239725301849603
-0.20574755831364655
0.23177740611691888
-0.7367246322590972
-0.4746351100652646
-0.09424638353920045
0.36041252422347725
-0.6611871337363482
0.34936415351711503
0.46454706641782195
-0.04383259331706313
0.4272799239626579
-0.4751543724223666
-0.2804745693035784
0.22867009847351483
0.07340870613194284
-0.18978810001550528
-0.14996116836573492
-0.2964653577022318
0.16866009302322027
0.6061432899967372
0.1469913506374496
0.014491279550384206
-0.07677887429093744
0.3789332699502097
-0.14987253956718405
-0.15529516986975977
-0.18512680717344665
-0.3148420320359264
-0.1396067696119303
-0.12243883757696494
0.5730156493078198
-0.13157446795685246
-0.15690663686029893
0.6533382062999635
-0.23316978619902784
-0.29450584997522355
0.2455372631143291
0.5837752428168415
0.3324173269010089
-0.8406865140162836
0.699317476372471
0.35536625239092245
-0.4522896572005948
-0.7139785078115892
-0.30048646448324234
0.08701597595745625
-0.1628994135654125
-0.036773610823274794
-0.5816430555911438
-0.2371601384695623
0.7060503515224354
-0.16993942261524353
0.3654880875624258
-0.21368605457126932
0.3058684958014055
-0.5417608977102759
-0.47541862529595846
-0.19273913241153195
-0.5365655433344614
-0.272932427059402
-0.365824552155118
-0.037635480029564405
-0.16939678043490858
-0.5810239378132565
-0.9648433417311821
-0.30719841041451446
0.36143986644009374
-0.14204557696018583
-0.3494107769099628
0.23497049648943857
0.6573557591020176
-0.4960731884272036
0.2131436792877821
0.21578680180067522
-0.3707633446542786
0.20763021739855958
-0.29302984479136285
0.24290529382466275
0.11148489092590808
0.02575346185625449
0.1614946148054628
-0.10499392779809114
0.09720246253669984
0.29009693839213924
-0.36251580773779324
0.48235750401204314
0.043269950471596985
-0.1670975535694197
-0.03657152685673282
-0.13824628953977935
-0.2227254097988407
-0.8728436383809708
0.28700549495215455
-0.9252105986669221
-0.9535536972235263
0.0684320638743543
0.4844067876529152
0.19937233508699137
0.22381319427529434
-0.2767863910416395
-0.38780813452166285
-0.06912979565225896
-0.23515402789610107
0.13576606599337993
-0.0412406054871326
-0.1160213931528915
0.6097280611316478
0.5254500537115518
-0.31269395702759084
-0.519269833177816
0.332170298105666
-0.0858104271864022
0.05473308213987593
-0.6701834980917738
0.6267916141342198
0.1493466384167732
-0.431495783461628
-0.7726956995462615
0.5101997308725572
0.36800814795401493
0.4358029056525652
0.17322176972982106
0.5659568527511283
0.11548618517298337
0.4735545131350136
0.4190601502157847
-0.7230462628128294
0.6081403086380419
-0.7194599479639123
-0.4992377721198409
-0.6410820556760086
0.8280723951932032
0.19924210598748004
0.2939927128730915
0.5449097129146594
-0.11147814641475406
0.023273685461560945
0.30669297925300043
0.3315395169191788
-0.019360597860782036
-0.5574499027913475
-0.16901241912671594
0.046753649355707694
0.5676871872765332
0.06192442626610273
-0.47265998469180204
0.07600564460500436
0.1528278116181241
-0.1743650673488446
-0.40466641580320584
-0.37331576987526205
0.2650279265719746
-0.18379344731073388
0.01425106433663359
0.33773812556495386
0.18151393305510055
-0.40289370051414153
0.6990258645331551
0.09860188000811831
0.030096170418289603
-0.15580930031745766
1.017994908704111
0.44751015839955244
0.4560663825545248
-0.1781149230095025
0.3026130302504271
0.009328109313969435
0.12884523682470217
0.3445607278832199
-0.6137236838349622
-0.4018278862719171
-0.45695960427565296
-0.12026959402680859
0.33940182594159296
-0.7507253180244788
0.2746182765187086
0.5459190646959655
-0.6340897300651136
0.15272702109024294
-0.21797899796973752
-0.14196576777982273
-0.014821580189163797
0.22679224421506206
0.26876094784125826
-0.14112163628789176
-0.5528637032315942
0.08445157149367333
-0.1975232554677291
-0.02484911579784921
-0.8928801439917606
-0.11951232262987332
-0.16185725528396233
-0.2068454888090514
-0.4360945213094851
0.19979401697588628
-0.12856953808818616
-0.298259995109845
-0.6779556942190652
0.13404230234488068
-0.23714472795580832
-0.40200440911212354
0.43063080921325536
-0.5924996937320657
0.4679797077458261
-0.4894191584647274
0.1422445472446725
-0.1226866524220327
0.3432348069775344
-0.3919316471104253
0.2840364417851333
0.6270404989321605
0.5287378582332849
0.16215625506384868
0.36991060674250775
0.2287289797428116
0.060984484674690975
0.007203451805651184
0.072169090467753
-0.27034347841936324
-0.5247106974622398
-0.16126295255162404
0.612631310245547
-0.3653678255147952
0.7123681289621686
-0.2728229023392146
0.5358334632542778
-0.09903354748098536
0.026515745840583804
0.5368092632196522
-0.2109363960371411
0.22365167950243858
0.5087110782197897
0.20471140684065858
-0.16283040218564793
-0.22632379068642194
0.012846316505317645
-0.11258410303497612
0.4059421709109756
0.5543164079811618
-0.634719609748629
-0.45547349244378665
-0.4089360484899771
-0.0907861058844901
-0.3343067358994176
-0.053434965576911964
-0.6818161150461606
0.27174264998399167
-0.3055255502120531
-0.015407764169708571
0.763052042841764
0.24489782069503008
-0.07666361007483147
0.5694248914736022
-0.6026027589486489
0.22941821329516188
0.4456564665330802
-0.1766904336997186
0.4486231551830997
0.6011600926648271
0.29375655058947814
-0.18539814214636863
0.05269885530657348
-0.0366458079437848
0.503756979052639
-0.47120433926500027
-0.3983328361020426
-0.3126014205882939
-0.10275693319675838
0.5145284583459215
0.5081102938243589
0.5038647966592862
-0.4352409728491011
-0.35547228388293206
-0.29829212434844976
0.17707664328418105
-0.52855655262033
0.1721098983388174
-0.27792174683418125
-0.16344826208984387
-0.6038755127965487
-0.11444400311142999
-0.15115820451654827
0.11492822375794276
0.3735463374623009
-0.6470851048214854
-0.03155626857551397
-0.11733982448299685
-0.13223278004136318
-0.23507610202676688
-0.09164489148577104
-0.004179631607712508
0.5914125637371512
0.19161596743191467
0.4471798342739248
-0.18156413230275348
0.30806923907420014
0.005783579812089101
-0.24554267692519716
-0.371540809473629
0.26789840689269795
-0.09552998746875119
0.01879529124170176
-0.0529310593245782
-0.141799202396669
-0.2818858397201325
0.45420266379989016
-0.8914008583654436
0.5315332892653828
0.24546857169508485
0.1499728377214069
-0.46316101339016313
-0.014081918161195972
-0.3293169382885708
-0.31083885514931353
0.16460991438685824
-0.2674356325686631
-0.26409981161009455
0.5538131254504606
-0.3749148211666693
0.062187374909228765
-0.0036021145996869564
-0.09524179677526945
0.6269045605205861
0.38210594125752095
-0.3156106877177649
0.295443670382042
0.591961232169524
0.04362968002214984
-0.3033738246072062
0.5765527917091049
-0.22776983652437366
0.06152420298576544
0.6278629140574026
-0.41272389975142687
-0.10334887895186284
0.2837849491529596
0.1362692906188272
0.13439056335562327
0.553005946261294
0.0029813891993626385
0.1983057937010244
0.12700451529468637
0.41222873460884557
-0.18886023551561948
0.0685380938220419
-0.12736020817391136
0.11375448169940228
0.4681640975763912
-0.054411189411382566
0.4492061729731063
-0.08130106633473133
-0.33952411723231535
-0.3088325622610455
-0.44552442955182414
-0.19056512331019348
-0.19373901391190884
-0.437969487880423
0.4318307383005049
0.33771737878078056
-0.8445926383202504
0.2241054465284833
-0.034714077604974136
0.04921182378330968
0.6664458223206111
-0.05000807350535297
-0.07951111783199849
0.03703808264202735
0.15961518879998948
0.5996982083969442
0.10899702452354632
-0.06182657153732407
-0.08937708263783861
0.1588242172323362
-0.17150568609133643
0.17845535250557987
-0.39623620908696466
0.03798542032166097
-0.28680827048873425
0.33115604744119764
0.33737462521952466
-0.3108122646983702
-0.10678901668700291
0.2905180862202883
0.31937705746145184
-0.1343413930405859
-0.41095149507094675
-1.0000568577085573
-0.11268881785139229
-0.1376014227183191
0.5165361318076407
0.5812849760278596
0.2509166290825533
0.08627581613529856
-0.32301596960019197
-0.3026186323628508
0.443927227214715
-0.21190023889835174
0.3565454071565455
-0.11447925044416252
-0.49140740731678534
-0.1250875732990835
-0.014253211204049876
0.35787837934640265
0.4111826637139302
-0.25989299599700644
-0.08939434847872008
-0.3532553353425101
0.2448145836661979
-0.24012619661300505
-0.0763373237979863
-0.06768022388388317
-0.4110950350217877
0.07910275335166261
-0.0865632437792101
-0.5775020950956105
0.709548122655633
-0.16651860348292757
0.3302694208161938
-0.3794204697401824
0.24165365278003037
0.21541445299448014
0.11083767493119012
