T
-0.30928160984738967
-0.28428160984738965
-0.2592816098473897
-0.23428160984738966
-0.20928160984738967
-0.18428160984738967
-0.15928160984738968
-0.13428160984738968
-0.10928160984738967
-0.08428160984738968
-0.05928160984738965
-0.034281609847389684
-0.009281609847389688
0.01571839015261031
0.040718390152610306
0.0657183901526103
0.0907183901526103
0.1157183901526103
0.14071839015261028
0.16571839015261028
0.19071839015261036
0.2157183901526103
0.2407183901526103
0.2657183901526103
0.29071839015261025
0.3157183901526103
0.3407183901526103
0.36571839015261026
0.3907183901526103
0.41571839015261025
0.4407183901526103
0.46571839015261024
0.49071839015261026
0.5157183901526102
0.5407183901526101
0.5657183901526102
0.5907183901526102
0.6157183901526102
0.6407183901526102
0.6657183901526101
0.6907183901526104
0.7157183901526102
0.7407183901526102
0.7657183901526101
0.7907183901526101
0.8157183901526102
0.8407183901526102
0.8657183901526102
0.8907183901526101
0.9157183901526101
0.9407183901526102
0.9657183901526102
0.9907183901526101
1.0157183901526101
1.04071839015261
1.0657183901526102
1.09071839015261
1.1157183901526102
1.1407183901526101
1.16571839015261
1.1907183901526102
1.21571839015261
1.2407183901526102
1.2657183901526101
