i	S	V
483	1.3059440541921941e-8	0
723	1.9059216549383553e-8	0
963	2.5059634651438885e-8	0
1043	2.7059393941516376e-8	0
1203	3.105921594659516e-8	0
1443	3.7058727307709444e-8	0
1603	4.105886375472649e-8	0
1683	4.305864272013798e-8	0
1843	4.705916548521354e-8	0
2003	5.105971516816763e-8	0
2083	5.3059363570844824e-8	0
2203	5.6058945318365345e-8	0
2443	6.205975188654719e-8	0
2643	6.705910724910921e-8	0
2883	7.305868357946077e-8	0
3003	7.605965704485142e-8	0
3123	7.905954590263683e-8	0
3243	8.205911765890645e-8	0
3363	8.505985832516847e-8	0
3443	8.705963138764735e-8	0
3563	9.00596691042694e-8	0
3763	9.505867601667969e-8	0
3963	1.0005970643470925e-7	0
4083	1.0305949361286608e-7	0
4203	1.0605876487452784e-7	0
4283	1.0805954607324977e-7	0
4443	1.1205914754052034e-7	0
4643	1.170591315781031e-7	0
4803	1.2105899215902032e-7	0
4883	1.2305882360191134e-7	0
4963	1.2505932310496132e-7	0
5043	1.2705897977894262e-7	0
5563	1.4005977861793474e-7	0
5803	1.460587746881898e-7	0
6043	1.5205885356564373e-7	0
6123	1.5405877172356623e-7	0
6283	1.5805941387637347e-7	0
6523	1.6405859790999555e-7	0
6683	1.6805919811688934e-7	0
6763	1.7005985205758571e-7	0
6923	1.740598083929239e-7	0
7083	1.7805918575590772e-7	0
7163	1.8005969106992887e-7	0
7283	1.8305952789434173e-7	0
7523	1.8905924665173268e-7	0
7723	1.9405901623790184e-7	0
7963	2.0005945458422145e-7	0
8083	2.030592066011378e-7	0
8203	2.0605995744680782e-7	0
8323	2.0905928025353433e-7	0
8443	2.1205955530911169e-7	0
8523	2.1405904393494742e-7	0
8643	2.1705951920917867e-7	0
8843	2.220588206243254e-7	0
9043	2.270585007668197e-7	0
9163	2.3005959970644553e-7	0
9283	2.33058861596105e-7	0
9363	2.3505946609163391e-7	0
9523	2.3905852459462784e-7	0
9723	2.440587085539976e-7	0
9883	2.4805950886678287e-7	0
9963	2.5005943222501807e-7	0
10043	2.5205999523308634e-7	0
10123	2.5405888355689866e-7	0
10643	2.670594145384785e-7	0
10883	2.7305944320602094e-7	0
11123	2.790599950908452e-7	0
11203	2.810599954950595e-7	0
11363	2.850592479960717e-7	0
11603	2.9105895343149084e-7	0
11763	2.9505867732367216e-7	0
11843	2.970593553088805e-7	0
12003	3.0105972092958913e-7	0
12163	3.0505940876228257e-7	0
12243	3.070589479953094e-7	0
12363	3.100594027490056e-7	0
12603	3.1605959368551344e-7	0
12803	3.210594593672674e-7	0
13043	3.270593885059772e-7	0
13163	3.3005937835275767e-7	0
13283	3.330590518839496e-7	0
13403	3.3605983555395027e-7	0
13523	3.3905834887095015e-7	0
13603	3.410589044820133e-7	0
13723	3.440593929147769e-7	0
13923	3.490593760812351e-7	0
14123	3.540595289515111e-7	0
14243	3.570592210344076e-7	0
14363	3.6005957701295485e-7	0
14443	3.620597251845575e-7	0
14603	3.660596493688259e-7	0
14803	3.7105919482232556e-7	0
14963	3.7506005003219614e-7	0
15043	3.7705942917569434e-7	0
15123	3.790590955998336e-7	0
15203	3.8105962945105937e-7	0
15723	3.9405921526061444e-7	0
15963	4.000592468106065e-7	0
16483	4.13059721572709e-7	0
16723	4.190601444462205e-7	0
16963	4.250592033859962e-7	0
17043	4.270593149004418e-7	0
17203	4.310592963937039e-7	0
17443	4.370601449608545e-7	0
17603	4.410592811964276e-7	0
17683	4.4305917042683203e-7	0
17843	4.4705974511102824e-7	0
18003	4.510600005634722e-7	0
18083	4.5305957145985783e-7	0
18203	4.5605953744013106e-7	0
18443	4.6205902336661275e-7	0
18643	4.6705940502981573e-7	0
18883	4.7305976081989857e-7	0
19003	4.760592781347785e-7	0
19123	4.790591246670877e-7	0
19243	4.820592898018734e-7	0
19363	4.850592245747154e-7	0
19443	4.870588561461827e-7	0
19563	4.900588483805096e-7	0
19763	4.950593262577696e-7	0
19963	5.000593337320301e-7	0
20083	5.030592620610229e-7	0
20203	5.060592218964066e-7	0
20283	5.080594126053256e-7	0
20443	5.120589214531193e-7	0
20643	5.170595295485409e-7	0
20803	5.210598163648747e-7	0
20883	5.230596525469267e-7	0
20963	5.250593687116549e-7	0
21043	5.270595998043765e-7	0
21563	5.400590925160768e-7	0
21803	5.460589011506353e-7	0
22043	5.520585846880055e-7	0
22123	5.540590226922726e-7	0
22283	5.58058897889063e-7	0
22523	5.640594631850694e-7	0
22683	5.680591835062247e-7	0
22763	5.700595019806842e-7	0
22923	5.740592553233207e-7	0
23083	5.780597377176996e-7	0
23163	5.800591147035932e-7	0
23283	5.830592422182714e-7	0
23523	5.890594843840018e-7	0
23723	5.940594826488994e-7	0
23963	6.000588331656639e-7	0
24083	6.030593160279429e-7	0
24203	6.060591894311231e-7	0
24323	6.090599038426676e-7	0
24443	6.120583074228276e-7	0
24523	6.1405911710824e-7	0
24643	6.170585196732172e-7	0
24843	6.220597244607141e-7	0
25043	6.270590411406144e-7	0
25163	6.300600318783212e-7	0
25283	6.330590933387164e-7	0
25363	6.350593721546933e-7	0
25523	6.390587130158956e-7	0
25723	6.440594746095135e-7	0
25883	6.480596024379592e-7	0
25963	6.500596110701306e-7	0
26043	6.520593350568353e-7	0
26123	6.540587587705746e-7	0
26643	6.670594362165237e-7	0
26883	6.730592096513424e-7	0
27123	6.790593565654206e-7	0
27203	6.810600232299158e-7	0
27363	6.850586786438257e-7	0
27603	6.910580303332536e-7	0
27763	6.950594400544561e-7	0
27843	6.970596179844966e-7	0
28003	7.010583778289964e-7	0
28163	7.050592775381989e-7	0
28243	7.070591784870313e-7	0
28363	7.100596791497932e-7	0
28603	7.160593397990255e-7	0
28803	7.21059519308541e-7	0
29043	7.270593057828129e-7	0
29163	7.300588040274563e-7	0
29283	7.330595940645242e-7	0
29403	7.360587774790896e-7	0
29523	7.390597581298454e-7	0
29603	7.41059941651948e-7	0
29723	7.440592617961357e-7	0
29923	7.490593651172853e-7	0
30123	7.540592428497686e-7	0
30243	7.57060461690113e-7	0
30363	7.600596625852485e-7	0
30443	7.620590055888855e-7	0
30603	7.66059618001842e-7	0
30803	7.710594130114605e-7	0
30963	7.750588479414197e-7	0
31043	7.770602642887935e-7	0
31123	7.790592654389879e-7	0
31203	7.810590947498191e-7	0
31723	7.940594552470962e-7	0
31963	8.000593701334884e-7	0
32483	8.130601068670445e-7	0
32723	8.190587008604954e-7	0
32963	8.250587780750987e-7	0
33043	8.270589724859155e-7	0
33203	8.310597163225565e-7	0
33443	8.370586613487479e-7	0
33603	8.410591939318211e-7	0
33683	8.43059341256841e-7	0
33843	8.470590984927537e-7	0
34003	8.510594039574027e-7	0
34083	8.530589319760483e-7	0
34203	8.560585127520364e-7	0
34443	8.620590082901784e-7	0
34643	8.670595015195715e-7	0
34883	8.730594064698788e-7	0
35003	8.76058862221122e-7	0
35123	8.790597072198583e-7	0
35243	8.820591299480843e-7	0
35363	8.850588491166181e-7	0
35443	8.870594858377054e-7	0
35563	8.900587544795936e-7	0
35763	8.95058769349688e-7	0
35963	9.000590664560401e-7	0
36083	9.030598574438817e-7	0
36203	9.060599308224405e-7	0
36283	9.080597908927702e-7	0
36443	9.120589745198909e-7	0
36643	9.17058995897783e-7	0
36803	9.210587169385534e-7	0
36883	9.230592567441541e-7	0
36963	9.250593639845552e-7	0
37043	9.270590312719285e-7	0
37563	9.400589253764728e-7	0
37803	9.460592003947267e-7	0
38043	9.520590881043669e-7	0
38123	9.540592554458405e-7	0
38283	9.580596932505657e-7	0
38523	9.640592539700138e-7	0
38683	9.680582792763933e-7	0
38763	9.70059846395161e-7	0
38923	9.740593743363317e-7	0
39083	9.78059664658492e-7	0
39163	9.800594574766097e-7	0
39283	9.830591348737142e-7	0
39523	9.890594256621581e-7	0
39723	9.940593289358208e-7	0
39963	1.0000589638175256e-6	0
40083	1.003058947663398e-6	0
40203	1.0060592095262988e-6	0
40323	1.0090587077177239e-6	0
40443	1.0120599974144664e-6	0
40523	1.0140587794879188e-6	0
40643	1.0170593986258045e-6	0
40843	1.0220590048533335e-6	0
41043	1.0270591157061675e-6	0
41163	1.0300596173775535e-6	0
41283	1.0330595833800683e-6	0
41363	1.0350598780981745e-6	0
41523	1.039059123512479e-6	0
41723	1.0440595370338093e-6	0
41883	1.0480592467871642e-6	0
41963	1.0500591993098737e-6	0
42043	1.0520588489913583e-6	0
42123	1.0540589993225368e-6	0
42643	1.0670588285741145e-6	0
42883	1.0730596735533318e-6	0
43123	1.0790584309810987e-6	0
43203	1.0810593927050217e-6	0
43363	1.0850586425139994e-6	0
43603	1.091059600042835e-6	0
43763	1.095059683498564e-6	0
43843	1.0970590416494126e-6	0
44003	1.1010595480121112e-6	0
44163	1.1050596119920178e-6	0
44243	1.1070596700566855e-6	0
44363	1.1100590179221587e-6	0
44603	1.1160598401992524e-6	0
44803	1.1210594742561092e-6	0
45043	1.1270598228517923e-6	0
45163	1.1300593146819128e-6	0
45283	1.1330584366085644e-6	0
45403	1.1360592051850517e-6	0
45523	1.139059148960705e-6	0
45603	1.1410595131353643e-6	0
45723	1.1440588067228482e-6	0
45923	1.1490596417704825e-6	0
46123	1.1540596307221117e-6	0
46243	1.157059237525365e-6	0
46363	1.1600588062035858e-6	0
46443	1.1620595100280566e-6	0
46603	1.1660590915698582e-6	0
46803	1.1710589848926005e-6	0
46963	1.1750598875012483e-6	0
47043	1.1770592958492377e-6	0
47123	1.1790596602912282e-6	0
47203	1.1810591260627882e-6	0
47723	1.1940589665159262e-6	0
47963	1.2000591589191206e-6	0
48483	1.2130591497834903e-6	0
48723	1.2190599346961646e-6	0
48963	1.2250589868521084e-6	0
49043	1.227059865133201e-6	0
49203	1.2310584406714443e-6	0
49443	1.2370596367242107e-6	0
49603	1.2410585673794504e-6	0
49683	1.2430593683739341e-6	0
49843	1.2470592445843473e-6	0
50003	1.2510590441978197e-6	0
50083	1.2530591114185356e-6	0
50203	1.2560590676719038e-6	0
50443	1.2620587395970605e-6	0
50643	1.267059088618826e-6	0
50883	1.2730590084255312e-6	0
51003	1.2760592437224782e-6	0
51123	1.2790587003340205e-6	0
51243	1.2820589741595478e-6	0
51363	1.2850591393123814e-6	0
51443	1.2870595163284548e-6	0
51563	1.2900587852847698e-6	0
51763	1.29505949714476e-6	0
51963	1.3000594889881756e-6	0
52083	1.3030595242632521e-6	0
52203	1.3060593071114202e-6	0
52283	1.3080591763640304e-6	0
52443	1.3120595714548966e-6	0
52643	1.3170597637154622e-6	0
52803	1.3210591142604047e-6	0
52883	1.3230591431116686e-6	0
52963	1.3250584085143198e-6	0
53043	1.3270583561473595e-6	0
53563	1.340059349790022e-6	0
53803	1.3460594807302933e-6	0
54043	1.3520590045715673e-6	0
54123	1.3540592122281627e-6	0
54283	1.3580594171240243e-6	0
54523	1.3640591653365651e-6	0
54683	1.368059806808012e-6	0
54763	1.370058762088125e-6	0
54923	1.374059195547531e-6	0
55083	1.37805861117446e-6	0
55163	1.3800594307045967e-6	0
55283	1.3830585086622588e-6	0
55523	1.389059649366106e-6	0
55723	1.394059454579728e-6	0
55963	1.4000593968441435e-6	0
56083	1.4030597004181085e-6	0
56203	1.406059889498267e-6	0
56323	1.4090587821201861e-6	0
56443	1.4120601094303535e-6	0
56523	1.4140595753506712e-6	0
56643	1.4170591698798118e-6	0
56843	1.4220595880509374e-6	0
57043	1.4270592619973603e-6	0
57163	1.430059112345539e-6	0
57283	1.4330598490451456e-6	0
57363	1.4350588086979735e-6	0
57523	1.43905943418577e-6	0
57723	1.4440588766915424e-6	0
57883	1.4480595463858849e-6	0
57963	1.4500592956090226e-6	0
58043	1.4520594628718912e-6	0
58123	1.4540599803838227e-6	0
58643	1.4670593114541287e-6	0
58883	1.473060299352867e-6	0
59123	1.4790597374243408e-6	0
59203	1.4810595839709885e-6	0
59363	1.485059410203195e-6	0
59603	1.4910586676342743e-6	0
59763	1.495058824398354e-6	0
59843	1.4970596207597842e-6	0
60003	1.5010595559762347e-6	0
60163	1.5050586472682282e-06	0
60243	1.5070590633789604e-6	0
60363	1.510059266536378e-6	0
60603	1.516059550118906e-6	0
60803	1.521058728494255e-6	0
61043	1.5270590838347028e-6	0
61163	1.5300583884778143e-6	0
61283	1.533059119500703e-6	0
61403	1.5360588452634369e-6	0
61523	1.53905915278842e-6	0
61603	1.541058603402264e-6	0
61723	1.5440590442132302e-6	0
61923	1.5490597119887674e-6	0
62123	1.554059749337666e-6	0
62243	1.5570594236025055e-6	0
62363	1.5600596245927653e-6	0
62443	1.5620595653944e-6	0
62603	1.5660598100958166e-6	0
62803	1.571059651268565e-6	0
62963	1.575059342342443e-6	0
63043	1.5770593535270486e-6	0
63123	1.5790587566472608e-6	0
63203	1.5810598939892685e-6	0
63723	1.5940599937260872e-6	0
63963	1.6000598171914216e-6	0
64483	1.613059307873704e-6	0
64723	1.6190590704215622e-6	0
64963	1.6250597900690365e-6	0
65043	1.627059118527556e-6	0
65203	1.6310592942042748e-6	0
65443	1.6370596873001291e-6	0
65603	1.6410586466383483e-6	0
65683	1.6430588724219097e-6	0
65843	1.6470589470512223e-6	0
66003	1.6510585995418432e-6	0
66083	1.6530589758324081e-6	0
66203	1.656060044410001e-6	0
66443	1.6620592046943482e-6	0
66643	1.6670586787551992e-6	0
66883	1.6730597270144248e-6	0
67003	1.6760597299811135e-6	0
67123	1.6790595751145088e-6	0
67243	1.6820593340568135e-6	0
67363	1.6850597851149374e-6	0
67443	1.687058883025122e-6	0
67563	1.690059178601025e-6	0
67763	1.6950597894682521e-6	0
67963	1.7000588461169852e-6	0
68083	1.7030589830658338e-6	0
68203	1.7060587528014055e-06	0
68283	1.7080590034362114e-6	0
68443	1.7120586774824454e-6	0
68643	1.7170591301997537e-6	0
68803	1.7210596549042957e-6	0
68883	1.7230592498016897e-6	0
68963	1.725059149125178e-6	0
69043	1.7270591897130669e-6	0
69563	1.740059872770522e-6	0
69803	1.7460597285377926e-6	0
70043	1.7520595894271974e-6	0
70123	1.7540590358152813e-6	0
70283	1.7580595492563652e-6	0
70523	1.7640593001532496e-6	0
70683	1.7680591395587558e-6	0
70763	1.770059735560622e-6	0
70923	1.7740598128912474e-6	0
71083	1.7780594313307959e-6	0
71163	1.78005926727604e-6	0
71283	1.783058970519103e-6	0
71523	1.7890590139223257e-6	0
71723	1.7940598351710837e-6	0
71963	1.800059343545333e-6	0
72083	1.8030591861161616e-6	0
72203	1.8060596634638995e-6	0
72323	1.8090595768016287e-6	0
72443	1.8120593249876383e-6	0
72523	1.81405985791075e-6	0
72643	1.8170593428821614e-6	0
72843	1.8220588686340586e-6	0
73043	1.8270595651429074e-6	0
73163	1.8300594157485217e-6	0
73283	1.8330592843393474e-6	0
73363	1.8350594083624735e-6	0
73523	1.8390590924977226e-6	0
73723	1.84405915399775e-6	0
73883	1.8480597495220558e-6	0
73963	1.8500597305641313e-6	0
74043	1.8520589418338409e-6	0
74123	1.8540588358335287e-6	0
74643	1.8670590876189444e-6	0
74883	1.8730597131886965e-6	0
75123	1.87905843676532e-6	0
75203	1.8810592466438806e-6	0
75363	1.8850599478037805e-6	0
75603	1.8910592018468404e-6	0
75763	1.895059440973147e-6	0
75843	1.8970593903549827e-6	0
76003	1.9010591919808756e-6	0
76163	1.9050591098522723e-6	0
76243	1.907058885121749e-6	0
76363	1.910058994549688e-6	0
76603	1.9160596187325836e-6	0
76803	1.9210591745689415e-6	0
77043	1.927059600735016e-6	0
77163	1.930058870406463e-6	0
77283	1.9330591686691406e-6	0
77403	1.93605979789409e-6	0
77523	1.9390595322745873e-6	0
77603	1.9410589583419886e-6	0
77723	1.9440597252851855e-6	0
77923	1.9490596379033654e-6	0
78123	1.954058789950551e-6	0
78243	1.957059267104747e-6	0
78363	1.960059692540622e-6	0
78443	1.9620591919636098e-6	0
78603	1.966059526172542e-6	0
78803	1.9710592050206344e-6	0
78963	1.975058870262923e-6	0
79043	1.9770591947947144e-6	0
79123	1.979059990906081e-6	0
79203	1.9810596116273788e-6	0
79723	1.994059523011611e-6	0
79963	2.000059392195633e-6	0
80483	2.013059416530799e-6	0
80723	2.019059225481723e-6	0
80963	2.0250587855742945e-6	0
81043	2.0270590563565998e-6	0
81203	2.031059428667376e-6	0
81443	2.0370598314812295e-6	0
81603	2.0410590806577004e-6	0
81683	2.043058425642061e-6	0
81843	2.047059517765335e-6	0
82003	2.0510599784791475e-6	0
82083	2.05305959083684e-6	0
82203	2.0560590465568784e-6	0
82443	2.0620589059882846e-6	0
82643	2.0670598327721223e-6	0
82883	2.0730594700898997e-6	0
83003	2.0760589512147086e-6	0
83123	2.0790588218101e-6	0
83243	2.082059246145901e-6	0
83363	2.085059615805326e-6	0
83443	2.0870594505677602e-6	0
83563	2.090058775190553e-6	0
83763	2.0950589391749427e-6	0
83963	2.1000594320184893e-6	0
84083	2.103058922087138e-6	0
84203	2.1060594475722877e-6	0
84283	2.108058866865963e-6	0
84443	2.1120593250210054e-6	0
84643	2.1170596366431616e-6	0
84803	2.1210591459210537e-6	0
84883	2.123059022919453e-6	0
84963	2.1250599418522113e-6	0
85043	2.127059469104271e-6	0
85563	2.1400588018693442e-6	0
85803	2.1460590838656406e-6	0
86043	2.152059082298967e-6	0
86123	2.1540598476953187e-6	0
86283	2.1580590726562514e-6	0
86523	2.1640592029131665e-6	0
86683	2.1680591913740285e-6	0
86763	2.170059634462954e-6	0
86923	2.1740593542359578e-6	0
87083	2.1780594814176e-6	0
87163	2.1800588547882744e-6	0
87283	2.183059822857958e-6	0
87523	2.189059729646569e-6	0
87723	2.194059276013258e-6	0
87963	2.200059706210599e-6	0
88083	2.2030591115812104e-6	0
88203	2.206058865231038e-6	0
88323	2.209059595202368e-6	0
88443	2.2120591194247057e-6	0
88523	2.2140594281043954e-6	0
88643	2.217059656444427e-6	0
88843	2.222059409848914e-6	0
89043	2.2270600252618263e-6	0
89163	2.230059733516305e-6	0
89283	2.2330592628070446e-6	0
89363	2.2350592507348034e-6	0
89523	2.2390589428817658e-6	0
89723	2.244060571924318e-6	0
89883	2.2480590298144917e-6	0
89963	2.2500590058444026e-6	0
90043	2.252059259177674e-6	0
90123	2.254059165640001e-6	0
90643	2.2670593276848158e-6	0
90883	2.273059129230857e-6	0
91123	2.279059343472556e-6	0
91203	2.281058628629886e-6	0
91363	2.285059277165644e-6	0
91603	2.2910594388479223e-6	0
91763	2.2950596785893057e-6	0
91843	2.297059210899871e-6	0
92003	2.3010589967786035e-6	0
92163	2.3050591090135622e-6	0
92243	2.3070594534701894e-6	0
92363	2.3100599362787446e-6	0
92603	2.3160592074021082e-6	0
92803	2.3210595733897896e-6	0
93043	2.3270596779696895e-6	0
93163	2.3300594862315624e-6	0
93283	2.3330593027927272e-6	0
93403	2.3360592975760997e-6	0
93523	2.3390587567925036e-6	0
93603	2.3410596586809695e-6	0
93723	2.344059253358106e-6	0
93923	2.349059783520483e-6	0
94123	2.35405918814971e-6	0
94243	2.357059188814755e-6	0
94363	2.360058931587738e-6	0
94443	2.362059227579626e-6	0
94603	2.3660599706238677e-6	0
94803	2.3710588990420663e-6	0
94963	2.375059101691489e-6	0
95043	2.377059649101096e-6	0
95123	2.3790583211086685e-6	0
95203	2.3810592799585327e-6	0
95723	2.394059136664816e-6	0
95963	2.400059766309287e-6	0
96483	2.413059986341369e-6	0
96723	2.419059620930227e-6	0
96963	2.425059128598309e-6	0
97043	2.427058550704914e-6	0
97203	2.4310592714323727e-6	0
97443	2.4370591348842864e-6	0
97603	2.4410586068746303e-6	0
97683	2.443059541864752e-6	0
97843	2.447058834256918e-6	0
98003	2.4510601132750042e-6	0
98083	2.4530592895557407e-6	0
98203	2.456059282386279e-6	0
98443	2.4620595123682973e-6	0
98643	2.467059117203745e-6	0
98883	2.4730590165730526e-6	0
99003	2.476058213610132e-6	0
99123	2.4790593736202717e-6	0
99243	2.482059069753834e-6	0
99363	2.4850597313030026e-6	0
99443	2.4870591455718885e-6	0
99563	2.490058871689315e-6	0
99763	2.495059906655044e-6	0
99963	2.5000589856854324e-6	0
100083	2.5030593037274837e-6	0
100203	2.50605952670151e-6	0
100283	2.508059118716024e-6	0
100443	2.5120588113694197e-6	0
100643	2.5170595858202466e-6	0
100803	2.521059601271535e-6	0
100883	2.5230596165158923e-6	0
100963	2.5250587459578875e-6	0
101043	2.5270589228503213e-6	0
101563	2.5400586843837403e-6	0
101803	2.546059018487778e-6	0
102043	2.5520594161037745e-6	0
102123	2.5540591027416213e-6	0
102283	2.5580593254474636e-6	0
102523	2.564059386468896e-6	0
102683	2.5680593021680077e-6	0
102763	2.570059707648512e-6	0
102923	2.5740594643246707e-6	0
103083	2.57805964637449e-6	0
103163	2.580059058030781e-6	0
103283	2.5830595414532837e-6	0
103523	2.5890595493957406e-6	0
103723	2.5940601904968933e-6	0
103963	2.6000597626891916e-6	0
104083	2.6030598649746937e-6	0
104203	2.6060596423246007e-6	0
104323	2.6090591929183907e-6	0
104443	2.6120589029248996e-6	0
104523	2.6140589436505403e-6	0
104643	2.6170584406093647e-6	0
104843	2.62205954430783e-6	0
105043	2.6270588451243414e-6	0
105163	2.6300596061522332e-6	0
105283	2.633059323050093e-6	0
105363	2.635059390459791e-6	0
105523	2.6390590765178824e-6	0
105723	2.6440595247109774e-6	0
105883	2.6480594850384494e-6	0
105963	2.650059724535008e-6	0
106043	2.6520590388722464e-6	0
106123	2.65405886050235e-6	0
106643	2.667059250761051e-6	0
106883	2.6730592316846846e-6	0
107123	2.6790592771384957e-6	0
107203	2.6810587783051193e-6	0
107363	2.685058794117321e-6	0
107603	2.6910588427908814e-6	0
107763	2.6950595812912058e-6	0
107843	2.697059417647903e-6	0
108003	2.7010595320777394e-6	0
108163	2.705059646710455e-6	0
108243	2.7070594615206187e-6	0
108363	2.710058971611055e-6	0
108603	2.7160592022419754e-6	0
108803	2.7210602076125487e-6	0
109043	2.7270588536660735e-6	0
109163	2.7300587221383517e-6	0
109283	2.7330591270066697e-6	0
109403	2.7360596555406766e-6	0
109523	2.7390589986640657e-6	0
109603	2.7410601694876137e-6	0
109723	2.7440597303189807e-6	0
109923	2.749058966332096e-6	0
110123	2.7540597557239746e-6	0
110243	2.757059341423167e-6	0
110363	2.7600590267811116e-6	0
110443	2.762058962164374e-6	0
110603	2.766059636331941e-6	0
110803	2.7710596410496214e-6	0
110963	2.775059251761457e-6	0
111043	2.777058811096824e-6	0
111123	2.7790595461310027e-06	0
111203	2.7810593816571763e-6	0
111723	2.7940591861543345e-6	0
111963	2.800059692880048e-6	0
112483	2.8130587323818675e-6	0
112723	2.819059492967556e-6	0
112963	2.8250595275163688e-6	0
113043	2.8270589032886312e-6	0
113203	2.8310595314542427e-6	0
113443	2.8370588891174646e-6	0
113603	2.8410592257494327e-6	0
113683	2.8430588189121654e-6	0
113843	2.847059169643993e-6	0
114003	2.851059419063735e-6	0
114083	2.8530595726936227e-6	0
114203	2.8560596402515715e-6	0
114443	2.8620597258619577e-6	0
114643	2.8670592573003604e-6	0
114883	2.8730589727358848e-6	0
115003	2.8760591139423526e-6	0
115123	2.879059750930796e-6	0
115243	2.882060197140004e-6	0
115363	2.885059053473147e-6	0
115443	2.8870591253878578e-6	0
115563	2.8900586427842553e-6	0
115763	2.8950593393785657e-6	0
115963	2.9000592511692546e-6	0
116083	2.90305956223839e-6	0
116203	2.9060593436799028e-6	0
116283	2.9080594357764112e-6	0
116443	2.9120595752036856e-6	0
116643	2.9170589770817295e-6	0
116803	2.9210591795160533e-6	0
116883	2.9230596129807782e-6	0
116963	2.925059241376796e-6	0
117043	2.9270599150704755e-6	0
117563	2.940059139838175e-6	0
117803	2.946058693702388e-6	0
118043	2.952058946234378e-6	0
118123	2.9540588279987955e-6	0
118283	2.958058689737663e-6	0
118523	2.9640592956965816e-6	0
118683	2.9680593389831834e-6	0
118763	2.9700595916866674e-6	0
118923	2.9740593147115602e-6	0
119083	2.978059939826176e-6	0
119163	2.9800597475919492e-6	0
119283	2.9830599683645294e-6	0
119523	2.9890597133685967e-6	0
119723	2.9940581761914156e-6	0
119963	3.00005940638704e-6	0
120083	3.003059489301493e-6	0
120203	3.0060588627303783e-6	0
120323	3.009059387729819e-6	0
120443	3.012059043690115e-6	0
120523	3.01405886902299e-6	0
120643	3.017059006195166e-6	0
120843	3.0220592797868763e-6	0
121043	3.027058982620607e-6	0
121163	3.03005909092635e-6	0
121283	3.033059191239582e-6	0
121363	3.0350593411394595e-6	0
121523	3.039059666108248e-6	0
121723	3.044058977943413e-6	0
121883	3.0480590516729697e-6	0
121963	3.050058940103255e-6	0
122043	3.0520593450984208e-6	0
122123	3.0540584897284714e-6	0
122643	3.067059192366955e-6	0
122883	3.0730585075403856e-6	0
123123	3.0790595184466707e-6	0
123203	3.081060012135602e-6	0
123363	3.0850594763914477e-6	0
123603	3.09105886339054e-6	0
123763	3.0950587708642895e-6	0
123843	3.0970594277556655e-6	0
124003	3.101059561500382e-6	0
124163	3.105059483093359e-6	0
124243	3.1070594274168763e-6	0
124363	3.110059298067224e-6	0
124603	3.1160596985094486e-6	0
124803	3.121058872520228e-6	0
125043	3.127058919664143e-6	0
125163	3.1300593242063327e-6	0
125283	3.13305924080165e-6	0
125403	3.1360591577206174e-6	0
125523	3.139058866397277e-6	0
125603	3.1410600946931315e-6	0
125723	3.1440602304660266e-6	0
125923	3.149059866641814e-6	0
126123	3.154060037225804e-6	0
126243	3.157059208607975e-6	0
126363	3.1600598580875297e-6	0
126443	3.1620586513903604e-6	0
126603	3.1660599284781844e-6	0
126803	3.171059445877429e-6	0
126963	3.1750592951710707e-6	0
127043	3.1770588237585496e-6	0
127123	3.1790602307874557e-6	0
127203	3.181059199813697e-6	0
127723	3.1940591738612128e-6	0
127963	3.200059643094503e-6	0
128483	3.2130594660416765e-6	0
128723	3.219059026893086e-6	0
128963	3.2250589639875207e-6	0
129043	3.2270590604141374e-6	0
129203	3.231059096799936e-6	0
129443	3.2370584059535208e-6	0
129603	3.241059230927665e-6	0
129683	3.2430593797703096e-6	0
129843	3.247059399382077e-6	0
130003	3.2510590147317148e-6	0
130083	3.253059223749165e-6	0
130203	3.2560599113493486e-6	0
130443	3.262058458913779e-6	0
130643	3.267058733024917e-6	0
130883	3.2730587780145798e-06	0
131003	3.2760593421779455e-6	0
131123	3.279058822496818e-6	0
131243	3.2820590152149287e-6	0
131363	3.2850589302356763e-6	0
131443	3.2870589591052406e-6	0
131563	3.290059687734183e-6	0
131763	3.2950592886617412e-6	0
131963	3.300059545128212e-6	0
132083	3.3030591398769416e-6	0
132203	3.306058244052519e-6	0
132283	3.308059248685401e-6	0
132443	3.312059236922023e-6	0
132643	3.3170588994290307e-6	0
132803	3.3210599659220553e-6	0
132883	3.3230596480634586e-6	0
132963	3.3250591604268316e-6	0
133043	3.3270591565016035e-6	0
133563	3.3400586998379407e-6	0
133803	3.346060075303469e-6	0
134043	3.352059281272897e-6	0
134123	3.3540594348320763e-6	0
134283	3.358059529474632e-6	0
134523	3.36405902383905e-6	0
134683	3.3680586059796746e-6	0
134763	3.3700590378335e-6	0
134923	3.3740599953008736e-6	0
135083	3.3780591869772023e-6	0
135163	3.3800595253400923e-6	0
135283	3.383059582979892e-6	0
135523	3.389058720272024e-6	0
135723	3.394058761111298e-6	0
135963	3.4000594259163054e-6	0
136083	3.4030596172189394e-6	0
136203	3.406059869724382e-6	0
136323	3.4090592353076497e-6	0
136443	3.412059693009162e-6	0
136523	3.4140593472158973e-6	0
136643	3.417059396565799e-6	0
136843	3.422058635616287e-6	0
137043	3.4270591408214163e-6	0
137163	3.430060344206334e-6	0
137283	3.43305962561546e-6	0
137363	3.4350591931001337e-6	0
137523	3.439059632335516e-6	0
137723	3.444060106318979e-6	0
137883	3.448059063201003e-6	0
137963	3.450059337167899e-6	0
138043	3.4520593383001546e-6	0
138123	3.454060002484767e-6	0
138643	3.467059286958934e-6	0
138883	3.4730592403716465e-6	0
139123	3.4790589469121086e-6	0
139203	3.4810595348650374e-6	0
139363	3.485059717101915e-6	0
139603	3.4910586877882917e-6	0
139763	3.4950599464480385e-6	0
139843	3.497059319792246e-6	0
140003	3.501059921877181e-6	0
140163	3.5050600862928493e-6	0
140243	3.507059231230355e-6	0
140363	3.510058840373699e-6	0
140603	3.5160591747600973e-6	0
140803	3.52105853887094e-6	0
141043	3.5270591321698293e-6	0
141163	3.530059524019693e-6	0
141283	3.53305931488729e-6	0
141403	3.536059265635233e-6	0
141523	3.5390593360753e-6	0
141603	3.541059387685928e-6	0
141723	3.5440594462766564e-6	0
141923	3.5490589873540602e-6	0
142123	3.5540590609122e-6	0
142243	3.5570601137294816e-6	0
142363	3.560059667115489e-6	0
142443	3.5620596406935496e-6	0
142603	3.566059221636089e-6	0
142803	3.571059878492874e-6	0
142963	3.575059941752546e-6	0
143043	3.5770594796784447e-6	0
143123	3.5790594538358482e-6	0
143203	3.5810595580740946e-6	0
143723	3.5940591549246566e-6	0
143963	3.600059509802988e-6	0
144483	3.6130591107119777e-6	0
144723	3.619059214557027e-6	0
144963	3.6250600782387642e-6	0
145043	3.627059641639599e-6	0
145203	3.6310591390476896e-6	0
145443	3.6370591387627494e-6	0
145603	3.641059009462102e-6	0
145683	3.6430590197782297e-6	0
145843	3.6470590257240676e-6	0
146003	3.651059051853436e-6	0
146083	3.6530592665279083e-6	0
146203	3.6560597444020574e-6	0
146443	3.662059470498994e-6	0
146643	3.6670587994325545e-6	0
146883	3.6730591007222492e-6	0
147003	3.6760593448199878e-6	0
147123	3.6790591751205983e-6	0
147243	3.682059455056596e-6	0
147363	3.68505978491627e-6	0
147443	3.687059135726513e-6	0
147563	3.6900590849780866e-6	0
147763	3.6950590115696712e-6	0
147963	3.700059357470803e-6	0
148083	3.7030591390563305e-6	0
148203	3.7060597605150216e-6	0
148283	3.7080595538112007e-6	0
148443	3.7120591047433954e-6	0
148643	3.717059256903668e-6	0
148803	3.7210596602217727e-6	0
148883	3.7230591583584083e-6	0
148963	3.7250593578951465e-6	0
149043	3.727059336612082e-6	0
149563	3.7400591107838834e-6	0
149803	3.7460593295739938e-6	0
150043	3.7520594235058463e-6	0
150123	3.754059584249817e-6	0
150283	3.7580597546666924e-6	0
150523	3.7640594869853525e-6	0
150683	3.76805952418767e-6	0
150763	3.7700587817853376e-6	0
150923	3.7740597189366975e-6	0
151083	3.778058181643601e-6	0
151163	3.7800587872826156e-6	0
151283	3.7830584679281732e-6	0
151523	3.7890594571658936e-6	0
151723	3.7940589216221006e-6	0
151963	3.8000595511136335e-6	0
152083	3.803059510792568e-6	0
152203	3.806059285989617e-6	0
152323	3.8090590891757134e-6	0
152443	3.8120594799783247e-6	0
152523	3.814059028842703e-6	0
152643	3.817059859956315e-6	0
152843	3.822059496917046e-6	0
153043	3.827058984720028e-6	0
153163	3.830059161463521e-6	0
153283	3.8330589975415344e-6	0
153363	3.835060002569992e-6	0
153523	3.839059401862006e-6	0
153723	3.844059158000608e-6	0
153883	3.848059607518009e-6	0
153963	3.850059319703695e-6	0
154043	3.852059838237796e-6	0
154123	3.854059019563082e-6	0
154643	3.867059868056953e-6	0
154883	3.873059467534662e-6	0
155123	3.879059280659435e-6	0
155203	3.881059190758213e-6	0
155363	3.885059630940028e-6	0
155603	3.891059790724974e-6	0
155763	3.895059480810504e-6	0
155843	3.897059925533885e-6	0
156003	3.9010592708248564e-6	0
156163	3.905058550011505e-6	0
156243	3.9070598962059514e-6	0
156363	3.910059302639283e-6	0
156603	3.916059369034843e-6	0
156803	3.921059471477016e-6	0
157043	3.927059754471661e-6	0
157163	3.930060081268029e-6	0
157283	3.933058990691626e-6	0
157403	3.936059275831501e-6	0
157523	3.9390596768932945e-6	0
157603	3.941059533355367e-6	0
157723	3.944059429618173e-6	0
157923	3.949059272176588e-6	0
158123	3.954059931942074e-6	0
158243	3.9570591429293154e-6	0
158363	3.960059082130131e-6	0
158443	3.962059405905547e-6	0
158603	3.9660589355087075e-6	0
158803	3.971059526494965e-6	0
158963	3.975059076525206e-6	0
159043	3.977059032938092e-6	0
159123	3.979058842756369e-6	0
159203	3.981058872108582e-6	0
159723	3.994059239528977e-6	0
