i	S	V
243	7.05940094692381e-9	0
523	1.4059249120611722e-8	0
803	2.1058927473146e-8	0
1003	2.605865862019484e-8	0
1083	2.8059318262365026e-8	0
1363	3.505956114416858e-8	0
1483	3.8059421648890595e-8	0
1643	4.2059081910326295e-8	0
1763	4.505937236811497e-8	0
1963	5.005960560097477e-8	0
2043	5.205939995072178e-8	0
2123	5.406002001087944e-8	0
2403	6.106051356609108e-8	0
2483	6.305944402681263e-8	0
2763	7.00593835430211e-8	0
2923	7.40594727546216e-8	0
3043	7.705907062298194e-8	0
3203	8.10590140639323e-8	0
3323	8.405918266297655e-8	0
3403	8.605869097160574e-8	0
3523	8.905922486400211e-8	0
3723	9.405933042705346e-8	0
3843	9.705927892532388e-8	0
4043	1.0205936574004835e-7	0
4123	1.0405921450941393e-7	0
4243	1.070587924814849e-7	0
4403	1.1105890557733123e-7	0
4563	1.1505986925253632e-7	0
4723	1.1905938619959886e-7	0
4843	1.2205909823564335e-7	0
4923	1.2405917613978266e-7	0
5003	1.2605937901019653e-7	0
5323	1.3405935756100707e-7	0
5603	1.4105950385672546e-7	0
5883	1.4805943028413375e-7	0
6083	1.5305958550372875e-7	0
6163	1.55059016492868e-7	0
6443	1.6205965859004266e-7	0
6563	1.6505964879864152e-7	0
6723	1.690593042464168e-7	0
6843	1.7205954030020652e-7	0
7043	1.770594580864085e-7	0
7123	1.790599795175785e-7	0
7203	1.8105903380350095e-7	0
7483	1.880594160527079e-7	0
7563	1.9005959607035425e-7	0
7843	1.970595925358746e-7	0
8003	2.0105898976086004e-7	0
8123	2.0405893523736493e-7	0
8283	2.0805916862495613e-7	0
8403	2.1105964820711015e-7	0
8483	2.130597419141571e-7	0
8603	2.1605907376758916e-7	0
8803	2.2105914816372475e-7	0
8923	2.2405916449869077e-7	0
9123	2.290590215860593e-7	0
9203	2.3105934617871632e-7	0
9323	2.3405951288739237e-7	0
9483	2.3805888719444532e-7	0
9643	2.420592347872945e-7	0
9803	2.4605910553818954e-7	0
9923	2.490582962330367e-7	0
10003	2.510593991343613e-7	0
10083	2.530589515306458e-7	0
10403	2.610590418265492e-7	0
10683	2.6805961469958045e-7	0
10963	2.750593009737734e-7	0
11163	2.800591126204252e-7	0
11243	2.8205905835547754e-7	0
11523	2.890590507917679e-7	0
11643	2.92059448155861e-7	0
11803	2.9605879916116364e-7	0
11923	2.990601181803753e-7	0
12123	3.040590237753284e-7	0
12203	3.060596327885738e-7	0
12283	3.0805932195609367e-7	0
12563	3.1505914785932656e-7	0
12643	3.170590363997171e-7	0
12923	3.2405955425598355e-7	0
13083	3.280586263296329e-7	0
13203	3.310602739376558e-7	0
13363	3.3505969184389837e-7	0
13483	3.380594212487718e-7	0
13563	3.4005932927218233e-7	0
13683	3.4305915929549837e-7	0
13883	3.480591044060725e-7	0
14003	3.5105945739840635e-7	0
14203	3.560594833231529e-7	0
14283	3.5805928864135734e-7	0
14403	3.61059606289075e-7	0
14563	3.650587450591704e-7	0
14723	3.6905940103763346e-7	0
14883	3.730594329423411e-7	0
15003	3.760582548953298e-7	0
15083	3.780597045599921e-7	0
15163	3.8005911463994953e-7	0
15483	3.8805974121475526e-7	0
15763	3.950594500805811e-7	0
16243	4.070594834735197e-7	0
16523	4.1405860273955304e-7	0
16803	4.210591849939249e-7	0
17003	4.260596119669651e-7	0
17083	4.2805874021763317e-7	0
17363	4.350594001452319e-7	0
17483	4.3805921379321263e-7	0
17643	4.420598380305929e-7	0
17763	4.4505950826293385e-7	0
17963	4.500595846726391e-7	0
18043	4.520591014943498e-7	0
18123	4.540592592986297e-7	0
18403	4.6105912047579816e-7	0
18483	4.630594302084684e-7	0
18763	4.7005823963628944e-7	0
18923	4.740598384639424e-7	0
19043	4.770593865765404e-7	0
19203	4.810597336050701e-7	0
19323	4.840592823641523e-7	0
19403	4.860591163248735e-7	0
19523	4.89058714819705e-7	0
19723	4.940590845580817e-7	0
19843	4.970592586312027e-7	0
20043	5.020596020229638e-7	0
20123	5.040593465177668e-7	0
20243	5.070594716938229e-7	0
20403	5.110591766623793e-7	0
20563	5.15059559315192e-7	0
20723	5.190597865381109e-7	0
20843	5.220592006129084e-7	0
20923	5.240599068353415e-7	0
21003	5.260596193941394e-7	0
21323	5.34059083195861e-7	0
21603	5.410592282924011e-7	0
21883	5.480593263481519e-7	0
22083	5.530595890499816e-7	0
22163	5.550591983657946e-7	0
22443	5.620590530119775e-7	0
22563	5.65059645394796e-7	0
22723	5.690595138169373e-7	0
22843	5.720589778050261e-7	0
23043	5.77058818373286e-7	0
23123	5.79059605215938e-7	0
23203	5.810594999363559e-7	0
23483	5.880598856220284e-7	0
23563	5.90059962407018e-7	0
23843	5.970592894872259e-7	0
24003	6.010590434858386e-7	0
24123	6.040593784770053e-7	0
24283	6.080584786560922e-7	0
24403	6.110593777998513e-7	0
24483	6.130589533874819e-7	0
24603	6.160590432498795e-7	0
24803	6.210588101914442e-7	0
24923	6.240592969373203e-7	0
25123	6.29059704525551e-7	0
25203	6.310591896331497e-7	0
25323	6.34059496781378e-7	0
25483	6.380592694564934e-7	0
25643	6.420594122589579e-7	0
25803	6.460591562562139e-7	0
25923	6.490589229154747e-7	0
26003	6.510593488623367e-7	0
26083	6.530592477673042e-7	0
26403	6.61059464099668e-7	0
26683	6.680586733930825e-7	0
26963	6.750590182890379e-7	0
27163	6.80059078064005e-7	0
27243	6.820591524373272e-7	0
27523	6.890586999730156e-7	0
27643	6.920598987362687e-7	0
27803	6.960591227432783e-7	0
27923	6.990593239704513e-7	0
28123	7.040593622398212e-7	0
28203	7.060592617558925e-7	0
28283	7.080592989874452e-7	0
28563	7.150589782976277e-7	0
28643	7.170583861644691e-7	0
28923	7.240598501091853e-7	0
29083	7.280588994792226e-7	0
29203	7.3105932130407e-7	0
29363	7.350592271854044e-7	0
29483	7.380590057202199e-7	0
29563	7.400594989132103e-7	0
29683	7.430598157730667e-7	0
29883	7.480594670105889e-7	0
30003	7.510586567805601e-7	0
30203	7.560593394812524e-7	0
30283	7.580589325187769e-7	0
30403	7.610597427369241e-7	0
30563	7.65059572348232e-7	0
30723	7.690590022198759e-7	0
30883	7.730588921236309e-7	0
31003	7.760590469242981e-7	0
31083	7.780598032495239e-7	0
31163	7.800588065856165e-7	0
31483	7.880593427031195e-7	0
31763	7.950595508251595e-7	0
32243	8.070598317808187e-7	0
32523	8.14059362849731e-7	0
32803	8.210590264286018e-7	0
33003	8.260591000614837e-7	0
33083	8.280589863088656e-7	0
33363	8.350592026369691e-7	0
33483	8.38059970134657e-7	0
33643	8.420594234404817e-7	0
33763	8.450589041325239e-7	0
33963	8.500596109976275e-7	0
34043	8.520588167675761e-7	0
34123	8.540594370100648e-7	0
34403	8.610592431826136e-7	0
34483	8.630598291392803e-7	0
34763	8.700589169650661e-7	0
34923	8.74058920567264e-7	0
35043	8.770596082246861e-7	0
35203	8.810587905192444e-7	0
35323	8.840597764663483e-7	0
35403	8.860595617721851e-7	0
35523	8.890587192448755e-7	0
35723	8.940596568189943e-7	0
35843	8.970594006114238e-7	0
36043	9.020594078750921e-7	0
36123	9.040596644350354e-7	0
36243	9.070593562526477e-7	0
36403	9.110599588772428e-7	0
36563	9.150596373295673e-7	0
36723	9.190590046492124e-7	0
36843	9.220595751620666e-7	0
36923	9.240592858586826e-7	0
37003	9.260589350622772e-7	0
37323	9.340598528054319e-7	0
37603	9.410593103336653e-7	0
37883	9.480597531931428e-7	0
38083	9.530594059730758e-7	0
38163	9.55059358537464e-7	0
38443	9.620590335536123e-7	0
38563	9.650592409957502e-7	0
38723	9.690589430664658e-7	0
38843	9.720593417120032e-7	0
39043	9.770593029372008e-7	0
39123	9.79059690485369e-7	0
39203	9.810591629177834e-7	0
39483	9.880593372485928e-7	0
39563	9.900594458410313e-7	0
39843	9.970594623456486e-7	0
40003	1.0010599270547559e-6	0
40123	1.004059021002837e-6	0
40283	1.008059242336053e-6	0
40403	1.01105939957574e-6	0
40483	1.013059287744566e-6	0
40603	1.0160589187266202e-6	0
40803	1.0210591087938034e-6	0
40923	1.0240596019802915e-6	0
41123	1.0290593159038813e-6	0
41203	1.0310593727841367e-6	0
41323	1.0340594105514505e-6	0
41483	1.0380587732914381e-6	0
41643	1.0420588930844246e-6	0
41803	1.0460580877739233e-6	0
41923	1.0490595360741453e-06	0
42003	1.0510593030617223e-6	0
42083	1.0530593256309916e-6	0
42403	1.061058986754678e-6	0
42683	1.0680592223971895e-6	0
42963	1.0750598075237864e-6	0
43163	1.0800593048961192e-6	0
43243	1.0820586813096834e-6	0
43523	1.089059106509892e-6	0
43643	1.0920590890734924e-6	0
43803	1.096058888068074e-6	0
43923	1.0990595934751368e-6	0
44123	1.1040596551000996e-6	0
44203	1.1060586047131095e-6	0
44283	1.1080589655983118e-6	0
44563	1.1150594342583702e-6	0
44643	1.1170590840612444e-6	0
44923	1.1240597452181857e-6	0
45083	1.1280593922215395e-6	0
45203	1.1310589119192071e-6	0
45363	1.1350587613145816e-6	0
45483	1.1380593209441374e-6	0
45563	1.1400590756103999e-6	0
45683	1.143058544633326e-6	0
45883	1.1480591871115747e-6	0
46003	1.1510586201708244e-6	0
46203	1.1560597459050247e-6	0
46283	1.1580597086378822e-6	0
46403	1.161059000883389e-6	0
46563	1.1650593547666644e-6	0
46723	1.1690591313967899e-6	0
46883	1.1730594500180512e-6	0
47003	1.1760594283493088e-6	0
47083	1.178059204579084e-6	0
47163	1.1800591314854187e-6	0
47483	1.188059096231151e-6	0
47763	1.1950591417511888e-6	0
48243	1.2070598543736075e-6	0
48523	1.2140591244513215e-6	0
48803	1.221059048188172e-6	0
49003	1.2260595268952214e-6	0
49083	1.228059613775285e-6	0
49363	1.2350599806754346e-6	0
49483	1.238058829068301e-6	0
49643	1.2420589808714938e-6	0
49763	1.2450591184585448e-6	0
49963	1.2500586997149027e-6	0
50043	1.2520599874083098e-6	0
50123	1.2540596468460459e-6	0
50403	1.261059587226454e-6	0
50483	1.2630588059393328e-6	0
50763	1.270058744792415e-6	0
50923	1.274058915533406e-6	0
51043	1.2770591119611777e-6	0
51203	1.2810583165146164e-6	0
51323	1.2840596427978246e-6	0
51403	1.2860589319471813e-6	0
51523	1.2890599387137174e-6	0
51723	1.2940594945016375e-6	0
51843	1.2970589105946136e-6	0
52043	1.3020589883281135e-6	0
52123	1.3040593928428492e-6	0
52243	1.3070594428525732e-6	0
52403	1.3110593785604208e-6	0
52563	1.3150589188421506e-6	0
52723	1.3190593246279087e-6	0
52843	1.3220592447864313e-6	0
52923	1.3240590586325484e-6	0
53003	1.3260595683634531e-6	0
53323	1.334058327804261e-6	0
53603	1.3410597657647458e-6	0
53883	1.3480595051711526e-6	0
54083	1.3530588935498236e-6	0
54163	1.3550590462039304e-6	0
54443	1.3620592401173526e-6	0
54563	1.3650598910860193e-6	0
54723	1.3690589686640012e-6	0
54843	1.3720596135282564e-6	0
55043	1.3770593360910404e-6	0
55123	1.3790599081495724e-6	0
55203	1.3810588498621748e-6	0
55483	1.388059791557689e-6	0
55563	1.3900597171608638e-6	0
55843	1.397059847314811e-6	0
56003	1.4010597549124713e-6	0
56123	1.4040585583116953e-6	0
56283	1.4080585618980104e-6	0
56403	1.4110586402759026e-6	0
56483	1.4130594806000642e-6	0
56603	1.4160598262676711e-6	0
56803	1.4210593046316437e-6	0
56923	1.4240596128974751e-6	0
57123	1.4290587239080554e-6	0
57203	1.4310593281116076e-6	0
57323	1.4340593432823844e-6	0
57483	1.4380593573636028e-6	0
57643	1.442059106992891e-6	0
57803	1.4460589080421882e-6	0
57923	1.4490590975645108e-6	0
58003	1.4510596190960837e-6	0
58083	1.4530588784642577e-6	0
58403	1.4610593799598383e-6	0
58683	1.468059125548658e-6	0
58963	1.4750597288681165e-6	0
59163	1.4800591032430351e-6	0
59243	1.4820592906860676e-6	0
59523	1.489059625918686e-6	0
59643	1.492058879530072e-6	0
59803	1.4960591610883641e-6	0
59923	1.4990585306326403e-6	0
60123	1.504059827277023e-6	0
60203	1.5060594340849793e-6	0
60283	1.5080591393921904e-6	0
60563	1.5150595081502024e-6	0
60643	1.5170591402363218e-6	0
60923	1.5240593658095297e-6	0
61083	1.5280592565088424e-6	0
61203	1.5310591618456356e-6	0
61363	1.5350590745124695e-6	0
61483	1.5380594811519753e-6	0
61563	1.540058983097963e-6	0
61683	1.5430594154002605e-6	0
61883	1.548058879353549e-6	0
62003	1.5510586888582645e-6	0
62203	1.5560587919387998e-6	0
62283	1.5580591586713058e-6	0
62403	1.561058889426311e-6	0
62563	1.5650599083984571e-6	0
62723	1.5690594435142133e-6	0
62883	1.5730595100869379e-6	0
63003	1.57605928856141e-6	0
63083	1.5780590110144799e-6	0
63163	1.5800591200950056e-6	0
63483	1.5880589159901326e-6	0
63763	1.5950590085350558e-6	0
64243	1.6070591823244106e-6	0
64523	1.6140598181672215e-6	0
64803	1.6210595050096377e-6	0
65003	1.6260594860693652e-6	0
65083	1.6280590550341676e-6	0
65363	1.6350591687738552e-6	0
65483	1.6380598356743663e-6	0
65643	1.6420588258844658e-6	0
65763	1.6450591905718524e-6	0
65963	1.6500592279229926e-6	0
66043	1.6520595531006082e-6	0
66123	1.654059265950194e-6	0
66403	1.661059526255779e-6	0
66483	1.6630598507828497e-6	0
66763	1.6700595107761716e-6	0
66923	1.6740591046675245e-6	0
67043	1.677059882518051e-6	0
67203	1.681059095959816e-6	0
67323	1.6840592447121502e-6	0
67403	1.6860588101536189e-6	0
67523	1.6890589687565375e-6	0
67723	1.6940597958864166e-6	0
67843	1.6970597852227548e-6	0
68043	1.7020589258856743e-6	0
68123	1.7040594584346016e-6	0
68243	1.7070594534678567e-6	0
68403	1.711059117909696e-6	0
68563	1.7150591669139551e-6	0
68723	1.719059396286182e-6	0
68843	1.7220586342728535e-6	0
68923	1.7240591640181337e-6	0
69003	1.7260590462818561e-6	0
69323	1.7340592771783265e-6	0
69603	1.7410594729739258e-6	0
69883	1.748059099793826e-6	0
70083	1.7530592871415382e-6	0
70163	1.7550589098171488e-6	0
70443	1.7620591858279708e-6	0
70563	1.7650592284268988e-6	0
70723	1.7690589994721185e-6	0
70843	1.7720583899570999e-6	0
71043	1.77705952682653e-6	0
71123	1.7790588181969448e-6	0
71203	1.78105895204102e-6	0
71483	1.7880594459678726e-6	0
71563	1.7900590172581465e-6	0
71843	1.797058906443137e-6	0
72003	1.8010592777558437e-6	0
72123	1.8040599082625187e-6	0
72283	1.8080589657472705e-6	0
72403	1.8110598733191905e-6	0
72483	1.8130589779841335e-6	0
72603	1.8160590535881217e-6	0
72803	1.8210599092208723e-6	0
72923	1.8240591780090793e-6	0
73123	1.829059417627249e-6	0
73203	1.8310598343639045e-6	0
73323	1.834059479663752e-6	0
73483	1.8380596935866927e-6	0
73643	1.8420593498960522e-6	0
73803	1.84605939511244e-6	0
73923	1.8490592269467687e-6	0
74003	1.851059200056892e-6	0
74083	1.853058972525396e-6	0
74403	1.8610590907928348e-6	0
74683	1.8680588433884703e-6	0
74963	1.875059619075337e-6	0
75163	1.8800595054634047e-6	0
75243	1.8820593305697821e-6	0
75523	1.8890592313498846e-6	0
75643	1.892059318396041e-6	0
75803	1.8960598810561667e-6	0
75923	1.8990592195313867e-6	0
76123	1.9040594401821756e-6	0
76203	1.9060594598133107e-6	0
76283	1.9080593193433786e-6	0
76563	1.9150596125140056e-6	0
76643	1.9170589705456936e-6	0
76923	1.924059571876044e-6	0
77083	1.9280591470165654e-6	0
77203	1.9310582813011005e-6	0
77363	1.935059143756535e-6	0
77483	1.9380598626429344e-6	0
77563	1.9400593676337746e-6	0
77683	1.9430589787393256e-6	0
77883	1.9480590694577193e-6	0
78003	1.951059166878708e-6	0
78203	1.956059156270385e-6	0
78283	1.9580596392363376e-6	0
78403	1.9610590214649623e-6	0
78563	1.965058928102623e-6	0
78723	1.9690590412317617e-6	0
78883	1.9730592136777343e-6	0
79003	1.9760593604607114e-6	0
79083	1.9780587038558632e-6	0
79163	1.9800591148393546e-6	0
79483	1.9880589019374884e-6	0
79763	1.9950594967724112e-6	0
80243	2.007058832992647e-6	0
80523	2.0140591441040986e-6	0
80803	2.0210598079822524e-6	0
81003	2.0260593584627486e-6	0
81083	2.0280595968325636e-6	0
81363	2.035058988713348e-6	0
81483	2.0380592851528183e-6	0
81643	2.0420599915288024e-6	0
81763	2.045059357424923e-6	0
81963	2.0500593915255596e-6	0
82043	2.052058553355411e-6	0
82123	2.0540593705021094e-6	0
82403	2.0610587073369475e-6	0
82483	2.063058466684357e-6	0
82763	2.0700597572698e-6	0
82923	2.0740585059275755e-6	0
83043	2.0770592135216636e-6	0
83203	2.081059176028809e-6	0
83323	2.08405929452459e-6	0
83403	2.0860600481795965e-06	0
83523	2.0890589259255084e-6	0
83723	2.0940593333224207e-6	0
83843	2.097059328272168e-6	0
84043	2.1020589631447864e-6	0
84123	2.1040596351636664e-6	0
84243	2.107058917024831e-6	0
84403	2.1110592110864363e-6	0
84563	2.1150593260943878e-6	0
84723	2.1190599141266977e-6	0
84843	2.1220585556327074e-6	0
84923	2.124059771817876e-6	0
85003	2.1260592799639075e-6	0
85323	2.134059598368391e-6	0
85603	2.1410590716596138e-6	0
85883	2.1480586666727004e-6	0
86083	2.1530587187871843e-6	0
86163	2.15505919121752e-6	0
86443	2.162059321563444e-6	0
86563	2.1650594247111295e-6	0
86723	2.169059367210076e-6	0
86843	2.172058751303513e-6	0
87043	2.1770595275491066e-6	0
87123	2.1790600634578214e-6	0
87203	2.1810589706989388e-6	0
87483	2.1880590293587606e-6	0
87563	2.1900595079174364e-6	0
87843	2.1970590218958652e-6	0
88003	2.201059624815825e-6	0
88123	2.2040592323422777e-6	0
88283	2.2080594261272833e-6	0
88403	2.211059170097326e-6	0
88483	2.213058969321708e-6	0
88603	2.216058959306996e-6	0
88803	2.2210592890233195e-6	0
88923	2.2240597408205154e-6	0
89123	2.2290593932528723e-6	0
89203	2.231059714373331e-6	0
89323	2.234060167177512e-6	0
89483	2.2380587485765636e-6	0
89643	2.242059071919051e-6	0
89803	2.2460601301560124e-6	0
89923	2.249059297513467e-6	0
90003	2.2510593232576025e-6	0
90083	2.253059285757812e-6	0
90403	2.261059919319308e-6	0
90683	2.2680590266437003e-6	0
90963	2.2750597003346034e-6	0
91163	2.2800588433502946e-6	0
91243	2.282059408832692e-6	0
91523	2.2890588346777566e-6	0
91643	2.2920600506175643e-6	0
91803	2.2960595937369515e-6	0
91923	2.2990590265419494e-6	0
92123	2.3040595712712065e-6	0
92203	2.3060603526570955e-6	0
92283	2.3080593514924667e-6	0
92563	2.3150594761862706e-6	0
92643	2.3170591223624386e-6	0
92923	2.3240588377372816e-6	0
93083	2.3280591842723977e-6	0
93203	2.3310597589607458e-6	0
93363	2.3350597380487948e-6	0
93483	2.3380591512650293e-6	0
93563	2.340058974606909e-6	0
93683	2.3430584308424063e-6	0
93883	2.3480592814553073e-6	0
94003	2.351058589821911e-6	0
94203	2.3560588583824432e-6	0
94283	2.3580592817329706e-6	0
94403	2.3610591370307105e-6	0
94563	2.3650592913553056e-6	0
94723	2.3690584688951982e-6	0
94883	2.3730594868552004e-6	0
95003	2.3760595702780505e-6	0
95083	2.3780595193216717e-6	0
95163	2.3800594406669374e-6	0
95483	2.388059540958902e-6	0
95763	2.3950595825172198e-6	0
96243	2.4070592329685323e-6	0
96523	2.4140583462450837e-6	0
96803	2.4210590637711424e-6	0
97003	2.4260599730933023e-6	0
97083	2.4280584638519075e-6	0
97363	2.4350593775349713e-6	0
97483	2.4380594605114892e-6	0
97643	2.442058981681877e-6	0
97763	2.4450593616918234e-6	0
97963	2.450059921633199e-6	0
98043	2.4520594431366613e-6	0
98123	2.454058994895176e-6	0
98403	2.461059116414506e-6	0
98483	2.4630592344144087e-6	0
98763	2.4700589455816515e-6	0
98923	2.4740591389377844e-6	0
99043	2.4770590829011473e-6	0
99203	2.48105890930533e-6	0
99323	2.4840595174258882e-6	0
99403	2.4860595589757217e-6	0
99523	2.4890596865972096e-6	0
99723	2.494058315515787e-6	0
99843	2.4970594083965024e-6	0
100043	2.5020588175821447e-6	0
100123	2.50405967527832e-6	0
100243	2.507059136771003e-6	0
100403	2.511059200654628e-6	0
100563	2.5150603066161886e-6	0
100723	2.5190593910571492e-6	0
100843	2.5220591494996265e-6	0
100923	2.524059082278518e-6	0
101003	2.5260595347731384e-6	0
101323	2.5340590909053262e-6	0
101603	2.5410587336330223e-6	0
101883	2.548058863011027e-6	0
102083	2.553058643996558e-6	0
102163	2.5550596312026637e-6	0
102443	2.562059582875009e-6	0
102563	2.5650584306435955e-6	0
102723	2.5690597095301147e-6	0
102843	2.572059191094069e-6	0
103043	2.5770601502347572e-6	0
103123	2.5790594310832052e-6	0
103203	2.5810596967272664e-6	0
103483	2.5880592553323782e-6	0
103563	2.5900589174273535e-6	0
103843	2.597059244162291e-6	0
104003	2.6010595413709103e-6	0
104123	2.6040594578135446e-6	0
104283	2.60805839726364e-6	0
104403	2.611059388828778e-6	0
104483	2.613058735154519e-6	0
104603	2.616059434987186e-6	0
104803	2.6210593450812254e-6	0
104923	2.624059175995872e-6	0
105123	2.6290587771713885e-6	0
105203	2.631059566756388e-6	0
105323	2.6340594553893106e-6	0
105483	2.6380590995650965e-6	0
105643	2.6420598502607433e-6	0
105803	2.646059839040499e-6	0
105923	2.649058434133993e-6	0
106003	2.6510594706562774e-6	0
106083	2.653059389650185e-6	0
106403	2.6610590087786213e-6	0
106683	2.668059119487002e-6	0
106963	2.6750592056970265e-6	0
107163	2.680059609710173e-6	0
107243	2.6820591682653795e-6	0
107523	2.689058654942752e-6	0
107643	2.69205962986986e-6	0
107803	2.696059679795873e-6	0
107923	2.699059270546595e-6	0
108123	2.7040586242743264e-6	0
108203	2.706059244688647e-6	0
108283	2.7080594661476862e-6	0
108563	2.715058788967714e-6	0
108643	2.7170594014615997e-6	0
108923	2.724059084658138e-6	0
109083	2.7280590333471104e-6	0
109203	2.7310585634077156e-6	0
109363	2.7350594116610437e-6	0
109483	2.73805836626458e-6	0
109563	2.740059838201251e-6	0
109683	2.7430593159047205e-6	0
109883	2.7480597810882876e-6	0
110003	2.751059322178626e-6	0
110203	2.7560589865079545e-6	0
110283	2.75805872618311e-6	0
110403	2.7610595026932825e-6	0
110563	2.765059210231352e-6	0
110723	2.769059153382598e-6	0
110883	2.7730588367985957e-6	0
111003	2.7760594786302892e-6	0
111083	2.778059352967898e-6	0
111163	2.7800592125582465e-6	0
111483	2.7880596954832103e-6	0
111763	2.795059094995042e-6	0
112243	2.8070592371074534e-6	0
112523	2.814059453142152e-6	0
112803	2.821059164222779e-6	0
113003	2.8260596308349913e-6	0
113083	2.8280591294643955e-6	0
113363	2.835059072605468e-6	0
113483	2.8380588598857618e-6	0
113643	2.842059630005781e-6	0
113763	2.8450593736988373e-6	0
113963	2.8500596435273287e-6	0
114043	2.8520597767867098e-6	0
114123	2.8540595618866822e-6	0
114403	2.861058744532504e-6	0
114483	2.863059753807194e-6	0
114763	2.8700586002237078e-6	0
114923	2.8740592337186973e-6	0
115043	2.877059188520598e-6	0
115203	2.881059635279795e-6	0
115323	2.8840595050244793e-6	0
115403	2.886059239089375e-6	0
115523	2.889059150483227e-6	0
115723	2.8940590124967615e-6	0
115843	2.8970591837398007e-6	0
116043	2.902058952465067e-6	0
116123	2.904059297123256e-6	0
116243	2.9070591438409815e-6	0
116403	2.911058760319629e-6	0
116563	2.9150591565500923e-6	0
116723	2.919058812145298e-6	0
116843	2.9220602250123887e-6	0
116923	2.924058695439851e-6	0
117003	2.9260598159718384e-6	0
117323	2.9340592903594206e-6	0
117603	2.941059129152057e-6	0
117883	2.948059856443839e-6	0
118083	2.9530590160982365e-6	0
118163	2.9550596231245774e-6	0
118443	2.962058993709817e-6	0
118563	2.965059626049654e-6	0
118723	2.9690596562918624e-6	0
118843	2.9720600062025957e-6	0
119043	2.97705891097388e-6	0
119123	2.979060032972659e-6	0
119203	2.9810595382822438e-6	0
119483	2.988059108634576e-6	0
119563	2.9900594496507324e-6	0
119843	2.997059421747884e-6	0
120003	3.0010594878412787e-6	0
120123	3.0040597940516963e-6	0
120283	3.008059122263222e-6	0
120403	3.0110584318356873e-6	0
120483	3.0130591668972983e-6	0
120603	3.0160590415539856e-6	0
120803	3.021059463827942e-6	0
120923	3.0240596438887885e-6	0
121123	3.029059699404426e-6	0
121203	3.0310590812572356e-6	0
121323	3.0340593926926086e-6	0
121483	3.0380597058258372e-6	0
121643	3.042058841446729e-6	0
121803	3.046059650844444e-6	0
121923	3.0490585782422307e-6	0
122003	3.051059285825273e-6	0
122083	3.0530589337577544e-6	0
122403	3.0610587018623793e-6	0
122683	3.0680588679338126e-6	0
122963	3.0750595685779834e-6	0
123163	3.0800601393506063e-6	0
123243	3.0820592794099172e-6	0
123523	3.0890590227337004e-6	0
123643	3.092059710816133e-6	0
123803	3.09605890028181e-6	0
123923	3.099059054832629e-6	0
124123	3.1040595683657064e-6	0
124203	3.1060590998094037e-6	0
124283	3.108059561255486e-6	0
124563	3.1150591550927834e-6	0
124643	3.117058803460313e-6	0
124923	3.124058642847977e-6	0
125083	3.1280591067195785e-6	0
125203	3.1310604773405747e-6	0
125363	3.13505919681228e-6	0
125483	3.1380594468580314e-6	0
125563	3.1400597072277314e-6	0
125683	3.143058865313582e-6	0
125883	3.14805919333141e-6	0
126003	3.1510595778235574e-6	0
126203	3.1560591368295194e-6	0
126283	3.15805948038989e-6	0
126403	3.161059788141094e-6	0
126563	3.165059811318571e-6	0
126723	3.1690587042688538e-06	0
126883	3.173059149518158e-6	0
127003	3.176059500728194e-6	0
127083	3.178058550391102e-6	0
127163	3.180059405256134e-6	0
127483	3.1880596604688186e-6	0
127763	3.1950589432053356e-6	0
128243	3.207059476236785e-6	0
128523	3.214059672049263e-6	0
128803	3.221059095389863e-6	0
129003	3.226059910577888e-6	0
129083	3.22805911596625e-6	0
129363	3.2350586693156803e-6	0
129483	3.238059241288177e-6	0
129643	3.242059335264502e-6	0
129763	3.2450602113892225e-6	0
129963	3.250059234295299e-6	0
130043	3.2520598053512607e-6	0
130123	3.2540595650816083e-6	0
130403	3.2610599938389226e-6	0
130483	3.2630590098954536e-6	0
130763	3.270059427126656e-6	0
130923	3.274060010505776e-6	0
131043	3.277059254221037e-6	0
131203	3.281060113816496e-6	0
131323	3.2840596168894956e-6	0
131403	3.2860596391735143e-6	0
131523	3.289059187368845e-6	0
131723	3.2940594486343318e-6	0
131843	3.2970595654157415e-6	0
132043	3.302059267488415e-6	0
132123	3.3040591708720875e-6	0
132243	3.307058936190079e-6	0
132403	3.311059390866208e-6	0
132563	3.315059115142344e-6	0
132723	3.3190592958955255e-6	0
132843	3.3220596171350872e-6	0
132923	3.324059388120496e-6	0
133003	3.326059456021923e-6	0
133323	3.3340600022138664e-6	0
133603	3.341059686600505e-6	0
133883	3.3480598103420665e-6	0
134083	3.3530589013019363e-6	0
134163	3.355058548236496e-6	0
134443	3.3620598039387263e-6	0
134563	3.365059780037877e-6	0
134723	3.369059516046908e-6	0
134843	3.372059627610691e-6	0
135043	3.3770591894270964e-6	0
135123	3.3790595872666756e-6	0
135203	3.381059243771484e-6	0
135483	3.3880591850868063e-6	0
135563	3.3900593574255928e-6	0
135843	3.3970598982417454e-6	0
136003	3.401059251834858e-6	0
136123	3.4040596014493074e-6	0
136283	3.40805954426351e-6	0
136403	3.411059235226301e-6	0
136483	3.4130589064876815e-6	0
136603	3.4160593687909066e-6	0
136803	3.4210598942625105e-6	0
136923	3.42405954406727e-6	0
137123	3.429058940149699e-6	0
137203	3.4310595921748026e-6	0
137323	3.4340593063759275e-6	0
137483	3.4380589462302207e-6	0
137643	3.442059094099635e-6	0
137803	3.4460595917099076e-6	0
137923	3.449059705339735e-6	0
138003	3.4510592763184505e-6	0
138083	3.4530589568401985e-6	0
138403	3.461059996752467e-6	0
138683	3.4680590584831694e-6	0
138963	3.475059124025115e-6	0
139163	3.4800594163119085e-6	0
139243	3.4820591014013884e-6	0
139523	3.489059649332771e-6	0
139643	3.4920597192502102e-6	0
139803	3.4960589362178907e-6	0
139923	3.4990590990981254e-6	0
140123	3.5040592292975655e-6	0
140203	3.506059642788976e-6	0
140283	3.508059397643597e-6	0
140563	3.515059308557911e-6	0
140643	3.5170589440996165e-6	0
140923	3.524060328285419e-6	0
141083	3.5280597544753287e-6	0
141203	3.53105969894311e-6	0
141363	3.5350599586604143e-6	0
141483	3.5380593354009312e-6	0
141563	3.5400595474773947e-6	0
141683	3.543059372921565e-6	0
141883	3.548058777453917e-6	0
142003	3.551059370592515e-6	0
142203	3.556059558375359e-6	0
142283	3.5580594408279236e-6	0
142403	3.561059254739717e-6	0
142563	3.5650599200579555e-6	0
142723	3.5690593919266185e-6	0
142883	3.573059091359087e-6	0
143003	3.57605927260589e-6	0
143083	3.578058367457143e-6	0
143163	3.5800589090647906e-6	0
143483	3.5880593873653073e-6	0
143763	3.5950592934006654e-6	0
144243	3.6070593873773315e-6	0
144523	3.614058658966256e-6	0
144803	3.6210588653670915e-6	0
145003	3.6260594324381732e-6	0
145083	3.6280593603459524e-6	0
145363	3.635059210138578e-6	0
145483	3.6380587961358365e-6	0
145643	3.6420594298619635e-6	0
145763	3.645059019285775e-6	0
145963	3.6500592999082788e-6	0
146043	3.6520597397939747e-6	0
146123	3.654060446639575e-6	0
146403	3.661059011769024e-6	0
146483	3.6630587435940747e-6	0
146763	3.6700595938117164e-6	0
146923	3.674058852618987e-6	0
147043	3.6770593202486573e-6	0
147203	3.681060068410198e-6	0
147323	3.684058684155724e-6	0
147403	3.686058852342947e-6	0
147523	3.689059513192047e-6	0
147723	3.6940591393086898e-6	0
147843	3.697058821935453e-6	0
148043	3.702059434486769e-6	0
148123	3.704059401682215e-6	0
148243	3.7070592860660465e-6	0
148403	3.7110599788812715e-6	0
148563	3.7150593382692463e-6	0
148723	3.719059150648136e-6	0
148843	3.72205902527883e-6	0
148923	3.7240596761793574e-6	0
149003	3.7260595295137838e-6	0
149323	3.734059064033535e-6	0
149603	3.741059591624411e-6	0
149883	3.748059008298462e-6	0
150083	3.7530590450516344e-6	0
150163	3.7550587784262698e-6	0
150443	3.762058974165273e-6	0
150563	3.765059052474469e-6	0
150723	3.769059168250307e-6	0
150843	3.7720598219543725e-6	0
151043	3.77705971857354e-6	0
151123	3.7790596786029668e-6	0
151203	3.781059658773238e-6	0
151483	3.788058844317726e-6	0
151563	3.7900590698027835e-6	0
151843	3.7970593425577984e-6	0
152003	3.8010590380248386e-6	0
152123	3.8040593361661595e-6	0
152283	3.8080592178530378e-6	0
152403	3.811059202183591e-6	0
152483	3.813059015320913e-6	0
152603	3.816059569094896e-6	0
152803	3.821059315687115e-6	0
152923	3.824058883922551e-6	0
153123	3.829060144767845e-6	0
153203	3.831058808854953e-6	0
153323	3.834059774234397e-6	0
153483	3.838059259881231e-6	0
153643	3.84205889833381e-6	0
153803	3.846059718106519e-6	0
153923	3.84905947330988e-6	0
154003	3.851059131993087e-6	0
154083	3.853059029326944e-6	0
154403	3.8610599690646304e-6	0
154683	3.868059243117268e-6	0
154963	3.875059455585598e-6	0
155163	3.880059346051458e-6	0
155243	3.882059056091393e-6	0
155523	3.889059069301122e-6	0
155643	3.892059436014959e-6	0
155803	3.896059334857643e-6	0
155923	3.8990586006486166e-6	0
156123	3.904058915689756e-6	0
156203	3.906058586103243e-6	0
156283	3.908059112731833e-6	0
156563	3.915058677892486e-6	0
156643	3.917059099663427e-6	0
156923	3.924059099091744e-6	0
157083	3.928060215996377e-6	0
157203	3.931058927880221e-6	0
157363	3.935059391939029e-6	0
157483	3.938059319111588e-6	0
157563	3.940058932027224e-6	0
157683	3.943058688001473e-6	0
157883	3.948059466871635e-6	0
158003	3.9510591502382505e-6	0
158203	3.9560590495836854e-6	0
158283	3.958059216564372e-6	0
158403	3.961059064752726e-6	0
158563	3.965059168578009e-6	0
158723	3.9690589153493e-6	0
158883	3.973059475861182e-6	0
159003	3.976059632451148e-6	0
159083	3.978058987651909e-6	0
159163	3.980059145939872e-6	0
159483	3.988059654405536e-6	0
159763	3.995059371589358e-6	0
